*************************************************
******************* ORCA 6.1.0 ******************
*************************************************
$Calculation_Status
   &GeometryIndex 0
   &version [&Type "String"] "6.1.0"
   &progName [&Type "String"] "orca"
   &Status [&Type "String"] "NORMAL TERMINATION"
$End
$Geometry
   &GeometryIndex 1
   &NAtoms [&Type "Integer"] 6
   &NCorelessECP [&Type "Integer"] 0
   &NGhostAtoms [&Type "Integer"] 0
   &CartesianCoordinates [&Type "Coordinates", &Dim(6,4), &Units "Bohr"] 
              C      0.000000000000    0.000000000000   -0.185193161124
              H      0.000000000000    2.050352855305    0.000000000000
              H      1.775658485025   -1.025176427652    0.000000000000
              H     -1.775658485025   -1.025176427652    0.000000000000
              Br     0.000000000000    0.000000000000    5.130606453596
              I      0.000000000000    0.000000000000   -5.038009873034
$End
$Single_Point_Data
   &GeometryIndex 1
   &FinalEnergy [&Type "Double"]      -1.1815629434010001e+01  "Final single point energy"
   &Converged [&Type "Boolean"] true
$End
$Hessian
   &GeometryIndex 1
   &HESSIAN [&Type "ArrayOfDoubles", &Dim (18,18)] "The Hessian"
                                                         0                           1                           2                           3                           4                           5                           6                           7

0                                      5.2076449510000000e-01        -3.3999999999999998e-09        -1.6677999999999999e-06        -4.5674407200000003e-02        -1.3658999999999999e-06        -3.1200000000000001e-08        -2.2831017910000001e-01         1.0544595750000001e-01
1                                     -3.3999999999999998e-09         5.2076499840000001e-01        -2.8982999999999998e-06        -1.3592000000000000e-06        -2.8919004729999997e-01        -2.4705015800000001e-02         1.0544947690000001e-01        -1.0655522290000000e-01
2                                     -1.6677999999999999e-06        -2.8982999999999998e-06         3.7179574000000002e-03        -5.0099999999999999e-08        -2.2499390500000001e-02        -1.6237906800000000e-02        -1.9481661599999998e-02         1.1254002399999999e-02
3                                     -4.5674407200000003e-02        -1.3592000000000000e-06        -5.0099999999999999e-08         4.3464314599999998e-02         1.5012999999999999e-06         1.0190000000000001e-07         1.0505976000000001e-03         2.4487580700000001e-02
4                                     -1.3658999999999999e-06        -2.8919004729999997e-01        -2.2499390500000001e-02         1.5012999999999999e-06         3.1309575820000002e-01         2.4636789700000002e-02        -4.1855089999999999e-04        -1.2856197000000000e-02
5                                     -3.1200000000000001e-08        -2.4705015800000001e-02        -1.6237906800000000e-02         1.0190000000000001e-07         2.4636789700000002e-02         3.5980125500000001e-02         3.6056100000000002e-04         2.9398314000000001e-03
6                                     -2.2831017910000001e-01         1.0544947690000001e-01        -1.9481661599999998e-02         1.0505976000000001e-03        -4.1855089999999999e-04         3.6056100000000002e-04         2.4567473340000001e-01        -1.1675724660000000e-01
7                                      1.0544595750000001e-01        -1.0655522290000000e-01         1.1254002399999999e-02         2.4487580700000001e-02        -1.2856197000000000e-02         2.9398314000000001e-03        -1.1675724660000000e-01         1.1088076510000000e-01
8                                     -2.1394939599999999e-02         1.2352064400000000e-02        -1.6238017600000001e-02         2.7273825000000002e-03        -1.1577834000000000e-03         7.4852250000000001e-04         2.1335492200000000e-02        -1.2317308000000001e-02
9                                     -2.2831208119999999e-01        -1.0544811100000000e-01         1.9483278999999999e-02         1.0503180000000000e-03         4.1840220000000002e-04        -3.6053090000000000e-04        -1.9787644800000000e-02        -1.2446888499999999e-02
10                                    -1.0544459210000000e-01        -1.0655301420000000e-01         1.1254586000000000e-02        -2.4487709300000000e-02        -1.2855946100000000e-02         2.9400080000000000e-03         1.2447163700000000e-02         8.0080234999999993e-03
11                                     2.1396543200000000e-02         1.2352558499999999e-02        -1.6238295800000000e-02        -2.7274004999999998e-03        -1.1577588000000001e-03         7.4854239999999996e-04        -2.3656405999999998e-03        -1.7825835000000001e-03
12                                    -7.1377932000000000e-03         1.3999999999999999e-09         4.3000000000000001e-08         1.7479569999999999e-04         3.8000000000000001e-09        -2.6000000000000001e-09         6.6079889999999997e-04        -2.8058500000000002e-04
13                                     1.6000000000000001e-09        -7.1371187000000003e-03        -3.1360000000000001e-06         1.5700000000000002e-08         8.2940689999999996e-04         3.7746708999999998e-03        -2.7654669999999999e-04         3.3266749999999999e-04
14                                     5.4399999999999997e-08         6.5250000000000000e-07         2.2005669700000001e-02        -3.3000000000000002e-09        -4.1158189999999998e-04        -6.8906625000000003e-03        -3.5702789999999998e-04         2.0487460000000001e-04
15                                    -1.1330034399999999e-02        -4.6999999999999999e-09         5.7499999999999999e-08        -6.5618700000000002e-05         9.3999999999999998e-09        -9.8200000000000006e-08         7.1169389999999999e-04        -4.4881800000000003e-04
16                                     2.2999999999999999e-09        -1.1329595400000000e-02        -3.1636000000000001e-06        -2.9300000000000001e-08         9.7702529999999996e-04        -9.5862841000000001e-03        -4.4429630000000000e-04         1.8996369999999999e-04
17                                     4.0900000000000002e-08         2.6388999999999998e-06         2.2990593100000001e-02        -3.0500000000000002e-08         5.8972479999999997e-04        -1.4348621200000000e-02         5.0827680000000005e-04        -2.9881679999999998e-04
                                                         8                           9                          10                          11                          12                          13                          14                          15

0                                     -2.1394939599999999e-02        -2.2831208119999999e-01        -1.0544459210000000e-01         2.1396543200000000e-02        -7.1377932000000000e-03         1.6000000000000001e-09         5.4399999999999997e-08        -1.1330034399999999e-02
1                                      1.2352064400000000e-02        -1.0544811100000000e-01        -1.0655301420000000e-01         1.2352558499999999e-02         1.3999999999999999e-09        -7.1371187000000003e-03         6.5250000000000000e-07        -4.6999999999999999e-09
2                                     -1.6238017600000001e-02         1.9483278999999999e-02         1.1254586000000000e-02        -1.6238295800000000e-02         4.3000000000000001e-08        -3.1360000000000001e-06         2.2005669700000001e-02         5.7499999999999999e-08
3                                      2.7273825000000002e-03         1.0503180000000000e-03        -2.4487709300000000e-02        -2.7274004999999998e-03         1.7479569999999999e-04         1.5700000000000002e-08        -3.3000000000000002e-09        -6.5618700000000002e-05
4                                     -1.1577834000000000e-03         4.1840220000000002e-04        -1.2855946100000000e-02        -1.1577588000000001e-03         3.8000000000000001e-09         8.2940689999999996e-04        -4.1158189999999998e-04         9.3999999999999998e-09
5                                      7.4852250000000001e-04        -3.6053090000000000e-04         2.9400080000000000e-03         7.4854239999999996e-04        -2.6000000000000001e-09         3.7746708999999998e-03        -6.8906625000000003e-03        -9.8200000000000006e-08
6                                      2.1335492200000000e-02        -1.9787644800000000e-02         1.2447163700000000e-02        -2.3656405999999998e-03         6.6079889999999997e-04        -2.7654669999999999e-04        -3.5702789999999998e-04         7.1169389999999999e-04
7                                     -1.2317308000000001e-02        -1.2446888499999999e-02         8.0080234999999993e-03        -1.7825835000000001e-03        -2.8058500000000002e-04         3.3266749999999999e-04         2.0487460000000001e-04        -4.4881800000000003e-04
8                                      3.5980175500000003e-02         2.3657642999999999e-03        -1.7826936999999999e-03         7.4852689999999999e-04         3.2686243000000000e-03        -1.8874149999999999e-03        -6.8906456999999997e-03        -8.3023238000000006e-03
9                                      2.3657642999999999e-03         2.4567687240000000e-01         1.1675574760000000e-01        -2.1337084499999999e-02         6.6078130000000004e-04         2.7652809999999999e-04         3.5696779999999997e-04         7.1175429999999998e-04
10                                    -1.7826936999999999e-03         1.1675574760000000e-01         1.1087832100000000e-01        -1.2317897000000000e-02         2.8058130000000001e-04         3.3266150000000000e-04         2.0483630000000001e-04         4.4880870000000000e-04
11                                     7.4852689999999999e-04        -2.1337084499999999e-02        -1.2317897000000000e-02         3.5980474399999997e-02        -3.2686920000000001e-03        -1.8873746000000000e-03        -6.8906271000000003e-03         8.3022744000000002e-03
12                                     3.2686243000000000e-03         6.6078130000000004e-04         2.8058130000000001e-04        -3.2686920000000001e-03         3.8065833000000002e-03        -8.0000000000000003e-10         3.5800000000000003e-08         1.8348340000000000e-03
13                                    -1.8874149999999999e-03         2.7652809999999999e-04         3.3266150000000000e-04        -1.8873746000000000e-03        -8.0000000000000003e-10         3.8071913999999998e-03         6.2710000000000000e-07         2.0000000000000001e-09
14                                    -6.8906456999999997e-03         3.5696779999999997e-04         2.0483630000000001e-04        -6.8906271000000003e-03         3.5800000000000003e-08         6.2710000000000000e-07         9.4886512999999995e-03        -2.6799999999999998e-08
15                                    -8.3023238000000006e-03         7.1175429999999998e-04         4.4880870000000000e-04         8.3022744000000002e-03         1.8348340000000000e-03         2.0000000000000001e-09        -2.6799999999999998e-08         8.1373707999999999e-03
16                                     4.7931357000000003e-03         4.4432150000000003e-04         1.8995420000000000e-04         4.7930554999999998e-03        -8.0000000000000003e-10         1.8351914000000000e-03         5.9139999999999996e-07         2.6000000000000001e-09
17                                    -1.4348561700000000e-02        -5.0839570000000005e-04        -2.9883960000000000e-04        -1.4348620899999999e-02        -8.5000000000000000e-09         2.6276999999999998e-06        -1.0822385800000001e-02         1.1700000000000000e-07
                                                        16                          17

0                                      2.2999999999999999e-09         4.0900000000000002e-08
1                                     -1.1329595400000000e-02         2.6388999999999998e-06
2                                     -3.1636000000000001e-06         2.2990593100000001e-02
3                                     -2.9300000000000001e-08        -3.0500000000000002e-08
4                                      9.7702529999999996e-04         5.8972479999999997e-04
5                                     -9.5862841000000001e-03        -1.4348621200000000e-02
6                                     -4.4429630000000000e-04         5.0827680000000005e-04
7                                      1.8996369999999999e-04        -2.9881679999999998e-04
8                                      4.7931357000000003e-03        -1.4348561700000000e-02
9                                      4.4432150000000003e-04        -5.0839570000000005e-04
10                                     1.8995420000000000e-04        -2.9883960000000000e-04
11                                     4.7930554999999998e-03        -1.4348620899999999e-02
12                                    -8.0000000000000003e-10        -8.5000000000000000e-09
13                                     1.8351914000000000e-03         2.6276999999999998e-06
14                                     5.9139999999999996e-07        -1.0822385800000001e-02
15                                     2.6000000000000001e-09         1.1700000000000000e-07
16                                     8.1374607999999994e-03         2.6651000000000001e-06
17                                     2.6651000000000001e-06         3.0877596399999999e-02
   &MODES [&Type "ArrayOfDoubles", &Dim (18,18)] "The modes of vibrations"
                                                         0                           1                           2                           3                           4                           5                           6                           7

0                                      0.0000000000000000e+00         0.0000000000000000e+00         0.0000000000000000e+00         0.0000000000000000e+00         0.0000000000000000e+00         0.0000000000000000e+00        -1.1390386892876368e-07         4.6379129600951169e-07
1                                      0.0000000000000000e+00         0.0000000000000000e+00         0.0000000000000000e+00         0.0000000000000000e+00         0.0000000000000000e+00         0.0000000000000000e+00         3.4282248705027562e-05         3.5363346770427647e-05
2                                      0.0000000000000000e+00         0.0000000000000000e+00         0.0000000000000000e+00         0.0000000000000000e+00         0.0000000000000000e+00         0.0000000000000000e+00        -2.7251327780525075e-01        -3.6628076607649281e-02
3                                      0.0000000000000000e+00         0.0000000000000000e+00         0.0000000000000000e+00         0.0000000000000000e+00         0.0000000000000000e+00         0.0000000000000000e+00         3.3697565441305551e-07         5.8445161302056310e-07
4                                      0.0000000000000000e+00         0.0000000000000000e+00         0.0000000000000000e+00         0.0000000000000000e+00         0.0000000000000000e+00         0.0000000000000000e+00        -1.2049331997631134e-02        -2.1329546280568750e-03
5                                      0.0000000000000000e+00         0.0000000000000000e+00         0.0000000000000000e+00         0.0000000000000000e+00         0.0000000000000000e+00         0.0000000000000000e+00        -9.7434644863542294e-02        -8.4100964611988939e-03
6                                      0.0000000000000000e+00         0.0000000000000000e+00         0.0000000000000000e+00         0.0000000000000000e+00         0.0000000000000000e+00         0.0000000000000000e+00        -1.0457989131111728e-02        -1.8761357195027500e-03
7                                      0.0000000000000000e+00         0.0000000000000000e+00         0.0000000000000000e+00         0.0000000000000000e+00         0.0000000000000000e+00         0.0000000000000000e+00         6.0938908694962522e-03         1.1255628527307238e-03
8                                      0.0000000000000000e+00         0.0000000000000000e+00         0.0000000000000000e+00         0.0000000000000000e+00         0.0000000000000000e+00         0.0000000000000000e+00        -9.7421062265185140e-02        -8.3983957641275368e-03
9                                      0.0000000000000000e+00         0.0000000000000000e+00         0.0000000000000000e+00         0.0000000000000000e+00         0.0000000000000000e+00         0.0000000000000000e+00         1.0458945776542727e-02         1.8773089545907947e-03
10                                     0.0000000000000000e+00         0.0000000000000000e+00         0.0000000000000000e+00         0.0000000000000000e+00         0.0000000000000000e+00         0.0000000000000000e+00         6.0940540829479009e-03         1.1255653537312546e-03
11                                     0.0000000000000000e+00         0.0000000000000000e+00         0.0000000000000000e+00         0.0000000000000000e+00         0.0000000000000000e+00         0.0000000000000000e+00        -9.7420858677497696e-02        -8.3980365615033727e-03
12                                     0.0000000000000000e+00         0.0000000000000000e+00         0.0000000000000000e+00         0.0000000000000000e+00         0.0000000000000000e+00         0.0000000000000000e+00        -3.6268644653316996e-10        -4.5050261535796743e-08
13                                     0.0000000000000000e+00         0.0000000000000000e+00         0.0000000000000000e+00         0.0000000000000000e+00         0.0000000000000000e+00         0.0000000000000000e+00        -3.3606284982914965e-06        -3.3058426004567228e-06
14                                     0.0000000000000000e+00         0.0000000000000000e+00         0.0000000000000000e+00         0.0000000000000000e+00         0.0000000000000000e+00         0.0000000000000000e+00         2.8787086912283343e-02        -8.4620395214717703e-02
15                                     0.0000000000000000e+00         0.0000000000000000e+00         0.0000000000000000e+00         0.0000000000000000e+00         0.0000000000000000e+00         0.0000000000000000e+00         7.3371128973618139e-10        -2.9494322729187182e-08
16                                     0.0000000000000000e+00         0.0000000000000000e+00         0.0000000000000000e+00         0.0000000000000000e+00         0.0000000000000000e+00         0.0000000000000000e+00        -2.2298796740276042e-06        -2.2043443760083164e-06
17                                     0.0000000000000000e+00         0.0000000000000000e+00         0.0000000000000000e+00         0.0000000000000000e+00         0.0000000000000000e+00         0.0000000000000000e+00         9.9896257979519513e-03         5.6946553087529918e-02
                                                         8                           9                          10                          11                          12                          13                          14                          15

0                                     -2.4640157208797339e-01         5.8664704671361125e-06        -3.6882773679745441e-02        -1.5473385227401416e-04         2.1821532205807144e-07         3.5995328663532645e-05         8.9292754874462990e-02         1.1728044924664596e-08
1                                      5.8687990475985424e-06         2.4640315402268370e-01         1.5467591171074927e-04        -3.6875202453799820e-02        -5.2349523691334138e-06         8.9290951277626776e-02        -3.5996767238258120e-05        -2.4054863266568232e-05
2                                     -1.2297682296751901e-07         4.6195292905069042e-05         9.8940831151593627e-08         4.6686048511141398e-06         5.5083327939969000e-02        -2.6034699209423024e-06        -2.5045997452037251e-07         1.0482447505463448e-02
3                                     -2.5659605463010143e-01         6.0051801022340036e-06         8.8947652873422420e-02         3.7154123537619935e-04        -1.9384968325883145e-06        -3.0328109146067673e-04        -7.6256114987430990e-01        -1.9168932420977337e-07
4                                      6.0127279295366810e-06         2.5367070489891125e-01        -1.7915714322411417e-04         4.2639560577547406e-02         4.7785048114672775e-02         5.8862203240606627e-02        -1.9406290868185003e-05        -5.7276652260725169e-01
5                                     -4.3814754039287602e-07        -5.0420464150502803e-02         3.3517481596560092e-03        -8.0000985415380854e-01        -5.6085555221925409e-01        -1.1429160007192959e-01         4.8140159637589182e-05        -4.4686688442797433e-02
6                                     -2.5439158107010212e-01         1.2841611876193567e-03         5.4119285202517631e-02         2.0274271520690772e-02         4.1407179237224902e-02        -3.5581383205762906e-01        -1.4631577253254133e-01        -4.9621945869280210e-01
7                                     -1.2665698183122866e-03         2.5584638584710356e-01         1.9733955621635997e-02         7.7419991604066304e-02        -2.3876079448420566e-02        -5.5731527817930870e-01        -3.5548638519360248e-01         2.8655626202930462e-01
8                                      4.3682023146260851e-02         2.5224159012674805e-02        -6.9447131378218130e-01         3.9705374564679669e-01        -5.6093622713251556e-01         5.7054617821081358e-02        -9.9007999792738319e-02        -4.4711697466014333e-02
9                                     -2.5439184347233856e-01        -1.2719377462319706e-03         5.4291919214119314e-02        -1.9817808633338173e-02        -4.1411037505350766e-02         3.5569165942756265e-01        -1.4659447328196623e-01         4.9621951763559330e-01
10                                     1.2787843067719770e-03         2.5584650886952465e-01        -2.0382690333122948e-02         7.7254511787376925e-02        -2.3876068637230435e-02        -5.5703561587060701e-01         3.5593124506321550e-01         2.8655651740358812e-01
11                                    -4.3680116283561006e-02         2.5225931791895789e-02         6.9111933396325576e-01         4.0285949970090551e-01        -5.6093587164307779e-01         5.7130867344938246e-02         9.8963681418624661e-02        -4.4715193122496881e-02
12                                     2.2653392000952767e-02        -5.3870593164029682e-07        -1.6400258244297561e-03        -6.8646924956699447e-06         1.9794343464989267e-08        -9.1024557675748741e-08        -2.4487013111379002e-04         7.6892241217746401e-09
13                                    -5.3849867680231593e-07        -2.2653374800114097e-02         6.8676520086508863e-06        -1.6403124602168897e-03         3.7468584300036373e-07        -2.4446921954499772e-04         1.0197864066382552e-07        -3.7048741058850182e-07
14                                    -1.7097941463329917e-07         8.1272281680988237e-06         5.6302171905885710e-09         2.3077959678867280e-07         4.2984579644602255e-03         3.8626729769395892e-07        -4.8301128908597689e-09         7.1778270529975296e-05
15                                     1.5138106985645746e-02        -3.6086700791371590e-07         2.9558654837744717e-03         1.2390615243155167e-05         1.2928185988743294e-08         2.9868564853005437e-08         8.6564314681987804e-05        -4.8969743868338490e-09
16                                    -3.6120673920053110e-07        -1.5138141409375902e-02        -1.2387886379040634e-05         2.9556851517980815e-03        -1.7621371481442739e-09         8.6619977792380502e-05        -3.6628285777993506e-08        -2.4036228088644129e-07
17                                     1.0762698951232506e-07        -9.7248294800174233e-06        -1.1069504595838802e-08         1.8020310405757044e-07         5.4463107088689264e-03         8.4610989197757504e-07        -3.6103942805433369e-09         2.7948990229255893e-05
                                                        16                          17

0                                      9.2503570802338328e-02        -2.8183167762420862e-05
1                                      2.8180964861751786e-05         9.2504100145559848e-02
2                                     -3.2298902712710330e-07         2.1632929291998627e-06
3                                      3.7427266332202190e-02        -1.5733877475100508e-05
4                                     -2.3786541224442672e-04        -7.6629954466702399e-01
5                                     -2.2013155534790258e-05        -7.0552664133057177e-02
6                                     -5.6516519053618930e-01         3.4803472671580010e-01
7                                      3.4792224103081432e-01        -1.6352201438874023e-01
8                                     -6.1078605844910025e-02         3.5280480142477637e-02
9                                     -5.6538368476546397e-01        -3.4768595767638433e-01
10                                    -3.4801741745637599e-01        -1.6330248467522973e-01
11                                     6.1104372291332455e-02         3.5245036997635600e-02
12                                    -7.2923813398713313e-05         1.8337491091980524e-08
13                                    -2.8825952236386147e-08        -7.2951176000533144e-05
14                                     7.5884050384931403e-10         1.3494527697719284e-08
15                                    -2.6534234634531104e-05         1.0586439873757309e-08
16                                    -3.7210627427255173e-09        -2.6547768361181733e-05
17                                     2.7953218118547152e-10         2.3849074219115377e-09
$End
$THERMOCHEMISTRY_Energies
   &GeometryIndex 1
   &temperature [&Type "Double"]       2.9814999999999998e+02
   &pressure [&Type "Double"]       1.0000000000000000e+00
   &totalMass [&Type "Double"]       2.2183500000000001e+02
   &spinDegeneracy [&Type "Integer"] 1
   &elEnergy [&Type "Double"]      -1.1815629434010001e+01
   &transEnergy [&Type "Double"]       1.4162714244859817e-03
   &rotEnergy [&Type "Double"]       1.4162714244859817e-03
   &vibEnergy [&Type "Double"]       2.1582948908695958e-03
   &numOfFreqs [&Type "Integer"] 18
   &freqScalingFactor [&Type "Double"]       1.0000000000000000e+00
   &FREQ [&Type "ArrayOfDoubles", &Units "cm^-1", &Dim (18,1)] 
                                                         0

0                                      0.0000000000000000e+00
1                                      0.0000000000000000e+00
2                                      0.0000000000000000e+00
3                                      0.0000000000000000e+00
4                                      0.0000000000000000e+00
5                                      0.0000000000000000e+00
6                                     -2.0902079505664744e+02
7                                      8.9485455950320798e+01
8                                      1.6111244855392465e+02
9                                      1.6112486260759954e+02
10                                     9.1927681234841862e+02
11                                     9.1928188347666412e+02
12                                     9.8966823781512028e+02
13                                     1.3811690041645279e+03
14                                     1.3811753125899384e+03
15                                     2.9295242070654081e+03
16                                     3.0085524075810572e+03
17                                     3.0085553462286575e+03
   &zpe [&Type "Double"]       3.4056159260300603e-02
   &innerEnergyU [&Type "Double"]      -1.1776582437009861e+01
   &enthalpyH [&Type "Double"]      -1.1775638227967601e+01
   &qEl [&Type "Double"]       0.0000000000000000e+00
   &qRot [&Type "Double"]       1.1928896237318177e-02
   &qVib [&Type "Double"]       4.1192228615948350e-03
   &qTrans [&Type "Double"]       1.9999675746369457e-02
   &entropyS [&Type "Double"]       3.6047794845282470e-02
   &freeEnergyG [&Type "Double"]      -1.1811686022812884e+01
   &isLinear [&Type "Boolean"] false
$End
$Geometry
   &GeometryIndex 2
   &NAtoms [&Type "Integer"] 6
   &NCorelessECP [&Type "Integer"] 0
   &NGhostAtoms [&Type "Integer"] 0
   &CartesianCoordinates [&Type "Coordinates", &Dim(6,4), &Units "Bohr"] 
              C      0.000000017958   -0.000006620225   -0.147873116047
              H     -0.000000025820    2.030179645301    0.018322713570
              H      1.758185509725   -1.015109257762    0.018327088179
              H     -1.758185688508   -1.015109331168    0.018327335877
              Br     0.000000049546    0.000021546855    5.004979075767
              I      0.000000137098    0.000024016999   -5.004679677908
$End
$Single_Point_Data
   &GeometryIndex 2
   &FinalEnergy [&Type "Double"]      -1.1817784091309999e+01  "Final single point energy"
   &Converged [&Type "Boolean"] true
$End
$Geometry
   &GeometryIndex 3
   &NAtoms [&Type "Integer"] 6
   &NCorelessECP [&Type "Integer"] 0
   &NGhostAtoms [&Type "Integer"] 0
   &CartesianCoordinates [&Type "Coordinates", &Dim(6,4), &Units "Bohr"] 
              C      0.000000125259   -0.000002523655   -0.114169558482
              H      0.000000023765    2.020181306718    0.036273089740
              H      1.749531517177   -1.010096137925    0.036272634396
              H     -1.749531389356   -1.010096091562    0.036272407539
              Br    -0.000000098483    0.000006251094    4.874622787757
              I     -0.000000178362    0.000007195330   -4.961867941512
$End
$Single_Point_Data
   &GeometryIndex 3
   &FinalEnergy [&Type "Double"]      -1.1819300027240001e+01  "Final single point energy"
   &Converged [&Type "Boolean"] true
$End
$Geometry
   &GeometryIndex 4
   &NAtoms [&Type "Integer"] 6
   &NCorelessECP [&Type "Integer"] 0
   &NGhostAtoms [&Type "Integer"] 0
   &CartesianCoordinates [&Type "Coordinates", &Dim(6,4), &Units "Bohr"] 
              C      0.000000173549   -0.000001158144   -0.083150741881
              H      0.000000039059    2.015890939557    0.048650325799
              H      1.745815662027   -1.007946875085    0.048647999921
              H     -1.745815515551   -1.007946835610    0.048647663022
              Br    -0.000000118742    0.000001768420    4.789703149047
              I     -0.000000240342    0.000002160862   -4.945094976469
$End
$Single_Point_Data
   &GeometryIndex 4
   &FinalEnergy [&Type "Double"]      -1.1819748509309999e+01  "Final single point energy"
   &Converged [&Type "Boolean"] true
$End
$Geometry
   &GeometryIndex 5
   &NAtoms [&Type "Integer"] 6
   &NCorelessECP [&Type "Integer"] 0
   &NGhostAtoms [&Type "Integer"] 0
   &CartesianCoordinates [&Type "Coordinates", &Dim(6,4), &Units "Bohr"] 
              C      0.000000184969    0.000000178411   -0.051986863690
              H      0.000000040030    2.015326147900    0.053548116555
              H      1.745325230936   -1.007661786259    0.053546880924
              H     -1.745325108909   -1.007661762021    0.053546506621
              Br    -0.000000104570   -0.000001889051    4.735747559678
              I     -0.000000242456   -0.000000888981   -4.936998780651
$End
$Single_Point_Data
   &GeometryIndex 5
   &FinalEnergy [&Type "Double"]      -1.1819813313179999e+01  "Final single point energy"
   &Converged [&Type "Boolean"] true
$End
$Geometry
   &GeometryIndex 6
   &NAtoms [&Type "Integer"] 6
   &NCorelessECP [&Type "Integer"] 0
   &NGhostAtoms [&Type "Integer"] 0
   &CartesianCoordinates [&Type "Coordinates", &Dim(6,4), &Units "Bohr"] 
              C      0.000000183172    0.000000469621   -0.023399657159
              H      0.000000059321    2.015808322705    0.054316801231
              H      1.745742298857   -1.007902367706    0.054315447237
              H     -1.745742149662   -1.007902350057    0.054315156642
              Br    -0.000000141965   -0.000002531403    4.697459603129
              I     -0.000000249724   -0.000001543160   -4.929603931642
$End
$Single_Point_Data
   &GeometryIndex 6
   &FinalEnergy [&Type "Double"]      -1.1819808577110001e+01  "Final single point energy"
   &Converged [&Type "Boolean"] true
$End
$Hessian
   &GeometryIndex 6
   &HESSIAN [&Type "ArrayOfDoubles", &Dim (18,18)] "The Hessian"
                                                         0                           1                           2                           3                           4                           5                           6                           7

0                                      5.8784272820000005e-01        -1.2900000000000000e-07        -2.0882000000000002e-06        -4.1283365000000002e-02        -1.5737000000000001e-06         5.6200000000000000e-08        -2.6285373229999998e-01         1.2792497999999999e-01
1                                     -1.2900000000000000e-07         5.8784226230000003e-01         5.4804000000000001e-06        -1.5605999999999999e-06        -3.3671959420000003e-01        -1.2824544300000001e-02         1.2792703820000001e-01        -1.1513823960000000e-01
2                                     -2.0882000000000002e-06         5.4804000000000001e-06        -3.0505420700000001e-02         6.0500000000000006e-08        -1.1845938800000001e-02        -5.1432066000000002e-03        -1.0263463699999999e-02         5.9140848000000003e-03
3                                     -4.1283365000000002e-02        -1.5605999999999999e-06         6.0500000000000006e-08         4.1203865999999999e-02         1.7046000000000000e-06         4.6800000000000002e-08        -1.7715090000000001e-04         2.3891322600000001e-02
4                                     -1.5737000000000001e-06        -3.3671959420000003e-01        -1.1845938800000001e-02         1.7046000000000000e-06         3.6222364590000000e-01         1.1410056000000000e-02        -7.7883100000000007e-05        -1.3928624900000000e-02
5                                      5.6200000000000000e-08        -1.2824544300000001e-02        -5.1432066000000002e-03         4.6800000000000002e-08         1.1410056000000000e-02         3.6862814899999999e-02         1.1125490000000000e-04         1.0765741000000001e-03
6                                     -2.6285373229999998e-01         1.2792703820000001e-01        -1.0263463699999999e-02        -1.7715090000000001e-04        -7.7883100000000007e-05         1.1125490000000000e-04         2.8195914319999998e-01        -1.3900418889999999e-01
7                                      1.2792497999999999e-01        -1.1513823960000000e-01         5.9140848000000003e-03         2.3891322600000001e-02        -1.3928624900000000e-02         1.0765741000000001e-03        -1.3900418889999999e-01         1.2145930940000001e-01
8                                     -1.1105879600000000e-02         6.4121187000000003e-03        -5.1430781000000002e-03         9.8910719999999999e-04        -4.4192830000000001e-04        -5.3521760000000004e-04         9.8807211999999995e-03        -5.7042452999999998e-03
9                                     -2.6285612590000001e-01        -1.2792534710000000e-01         1.0265272000000001e-02        -1.7740790000000001e-04         7.7737099999999998e-05        -1.1124500000000000e-04        -2.0798220799999999e-02        -1.1983071900000000e-02
10                                    -1.2792327740000001e-01        -1.1513549480000000e-01         5.9148441999999999e-03        -2.3891472099999998e-02        -1.3928380900000000e-02         1.0767399000000000e-03         1.1983354099999999e-02         6.6985189000000004e-03
11                                     1.1107694899999999e-02         6.4128407999999998e-03        -5.1432387999999999e-03        -9.8911620000000002e-04        -4.4191920000000000e-04        -5.3520939999999995e-04        -8.7671739999999998e-04        -6.3547530000000003e-04
12                                    -1.0076427600000000e-02         4.2000000000000004e-09         1.0789999999999999e-07         2.5018280000000000e-04         4.1000000000000003e-09        -1.4300000000000001e-08         7.9702989999999997e-04        -3.1570840000000002e-04
13                                    -1.0000000000000000e-10        -1.0076142999999999e-02         5.9833000000000000e-06         2.8600000000000001e-08         9.8169750000000008e-04         7.3447571000000000e-03        -3.1558049999999999e-04         4.3035660000000000e-04
14                                     1.0420000000000001e-07        -4.7129000000000002e-06         2.2489864100000000e-02        -4.6199999999999997e-08         2.8134999999999998e-06        -1.4955719700000000e-02         6.6646999999999999e-06         5.7084999999999996e-06
15                                    -1.0773077299999999e-02        -5.7999999999999998e-09         1.1150000000000000e-07         1.8387500000000001e-04         1.0999999999999999e-08        -9.8599999999999996e-08         1.0729309000000000e-03        -5.1333339999999996e-04
16                                     2.0000000000000001e-10        -1.0772790600000000e-02         5.5459999999999999e-06        -2.3199999999999999e-08         1.3712565999999999e-03        -8.0835827999999992e-03        -5.1273979999999996e-04         4.7867970000000000e-04
17                                     1.1240000000000000e-07        -1.1826999999999999e-06         2.3445080100000001e-02        -5.2100000000000003e-08         1.3169168000000001e-03        -1.5693461499999999e-02         1.1415402000000000e-03        -6.5664680000000004e-04
                                                         8                           9                          10                          11                          12                          13                          14                          15

0                                     -1.1105879600000000e-02        -2.6285612590000001e-01        -1.2792327740000001e-01         1.1107694899999999e-02        -1.0076427600000000e-02        -1.0000000000000000e-10         1.0420000000000001e-07        -1.0773077299999999e-02
1                                      6.4121187000000003e-03        -1.2792534710000000e-01        -1.1513549480000000e-01         6.4128407999999998e-03         4.2000000000000004e-09        -1.0076142999999999e-02        -4.7129000000000002e-06        -5.7999999999999998e-09
2                                     -5.1430781000000002e-03         1.0265272000000001e-02         5.9148441999999999e-03        -5.1432387999999999e-03         1.0789999999999999e-07         5.9833000000000000e-06         2.2489864100000000e-02         1.1150000000000000e-07
3                                      9.8910719999999999e-04        -1.7740790000000001e-04        -2.3891472099999998e-02        -9.8911620000000002e-04         2.5018280000000000e-04         2.8600000000000001e-08        -4.6199999999999997e-08         1.8387500000000001e-04
4                                     -4.4192830000000001e-04         7.7737099999999998e-05        -1.3928380900000000e-02        -4.4191920000000000e-04         4.1000000000000003e-09         9.8169750000000008e-04         2.8134999999999998e-06         1.0999999999999999e-08
5                                     -5.3521760000000004e-04        -1.1124500000000000e-04         1.0767399000000000e-03        -5.3520939999999995e-04        -1.4300000000000001e-08         7.3447571000000000e-03        -1.4955719700000000e-02        -9.8599999999999996e-08
6                                      9.8807211999999995e-03        -2.0798220799999999e-02         1.1983354099999999e-02        -8.7671739999999998e-04         7.9702989999999997e-04        -3.1558049999999999e-04         6.6646999999999999e-06         1.0729309000000000e-03
7                                     -5.7042452999999998e-03        -1.1983071900000000e-02         6.6985189000000004e-03        -6.3547530000000003e-04        -3.1570840000000002e-04         4.3035660000000000e-04         5.7084999999999996e-06        -5.1333339999999996e-04
8                                      3.6860022600000000e-02         8.7684890000000004e-04        -6.3556680000000001e-04        -5.3234790000000005e-04         6.3592123999999996e-03        -3.6722983000000002e-03        -1.4955842800000001e-02        -7.0000102000000002e-03
9                                      8.7684890000000004e-04         2.8196177960000002e-01         1.3900236860000001e-01        -9.8824437000000001e-03         7.9699339999999999e-04         3.1555219999999999e-04        -6.7712999999999999e-06         1.0729814999999999e-03
10                                    -6.3556680000000001e-04         1.3900236860000001e-01         1.2145633920000000e-01        -5.7050852000000004e-03         3.1570460000000003e-04         4.3034989999999999e-04         5.7003999999999997e-06         5.1332210000000001e-04
11                                    -5.3234790000000005e-04        -9.8824437000000001e-03        -5.7050852000000004e-03         3.6860187799999999e-02        -6.3593607999999999e-03        -3.6722218000000001e-03        -1.4955796400000001e-02         6.9999431999999999e-03
12                                     6.3592123999999996e-03         7.9699339999999999e-04         3.1570460000000003e-04        -6.3593607999999999e-03         6.4868154999999997e-03        -2.2999999999999999e-09         1.1960000000000001e-07         1.7454058000000001e-03
13                                    -3.6722983000000002e-03         3.1555219999999999e-04         4.3034989999999999e-04        -3.6722218000000001e-03        -2.2999999999999999e-09         6.4881056000000003e-03        -4.9014000000000002e-06         2.1000000000000002e-09
14                                    -1.4955842800000001e-02        -6.7712999999999999e-06         5.7003999999999997e-06        -1.4955796400000001e-02         1.1960000000000001e-07        -4.9014000000000002e-06         4.0996624400000001e-02        -7.1000000000000000e-08
15                                    -7.0000102000000002e-03         1.0729814999999999e-03         5.1332210000000001e-04         6.9999431999999999e-03         1.7454058000000001e-03         2.1000000000000002e-09        -7.1000000000000000e-08         6.6978840999999999e-03
16                                     4.0419200000000001e-03         5.1276119999999999e-04         4.7866780000000000e-04         4.0418607000000002e-03        -2.2999999999999999e-09         1.7456333000000000e-03        -4.6079999999999998e-06         3.9000000000000002e-09
17                                    -1.5693536200000000e-02        -1.1416608999999999e-03        -6.5663250000000005e-04        -1.5693595300000002e-02        -6.4799999999999998e-08        -1.3189000000000000e-06        -1.8619129599999999e-02         1.2520000000000001e-07
                                                        16                          17

0                                      2.0000000000000001e-10         1.1240000000000000e-07
1                                     -1.0772790600000000e-02        -1.1826999999999999e-06
2                                      5.5459999999999999e-06         2.3445080100000001e-02
3                                     -2.3199999999999999e-08        -5.2100000000000003e-08
4                                      1.3712565999999999e-03         1.3169168000000001e-03
5                                     -8.0835827999999992e-03        -1.5693461499999999e-02
6                                     -5.1273979999999996e-04         1.1415402000000000e-03
7                                      4.7867970000000000e-04        -6.5664680000000004e-04
8                                      4.0419200000000001e-03        -1.5693536200000000e-02
9                                      5.1276119999999999e-04        -1.1416608999999999e-03
10                                     4.7866780000000000e-04        -6.5663250000000005e-04
11                                     4.0418607000000002e-03        -1.5693595300000002e-02
12                                    -2.2999999999999999e-09        -6.4799999999999998e-08
13                                     1.7456333000000000e-03        -1.3189000000000000e-06
14                                    -4.6079999999999998e-06        -1.8619129599999999e-02
15                                     3.9000000000000002e-09         1.2520000000000001e-07
16                                     6.6985533000000000e-03        -1.1359000000000000e-06
17                                    -1.1359000000000000e-06         4.2254642400000000e-02
   &MODES [&Type "ArrayOfDoubles", &Dim (18,18)] "The modes of vibrations"
                                                         0                           1                           2                           3                           4                           5                           6                           7

0                                      0.0000000000000000e+00         0.0000000000000000e+00         0.0000000000000000e+00         0.0000000000000000e+00         0.0000000000000000e+00         0.0000000000000000e+00         9.1363675026425769e-07        -8.5146874933592827e-08
1                                      0.0000000000000000e+00         0.0000000000000000e+00         0.0000000000000000e+00         0.0000000000000000e+00         0.0000000000000000e+00         0.0000000000000000e+00         5.3239661622712220e-05        -6.5520773046804856e-05
2                                      0.0000000000000000e+00         0.0000000000000000e+00         0.0000000000000000e+00         0.0000000000000000e+00         0.0000000000000000e+00         0.0000000000000000e+00         2.7975237352643073e-01         1.1188142761405499e-02
3                                      0.0000000000000000e+00         0.0000000000000000e+00         0.0000000000000000e+00         0.0000000000000000e+00         0.0000000000000000e+00         0.0000000000000000e+00         4.1778190144150171e-08        -9.6084334765814382e-08
4                                      0.0000000000000000e+00         0.0000000000000000e+00         0.0000000000000000e+00         0.0000000000000000e+00         0.0000000000000000e+00         0.0000000000000000e+00         8.2580306434531618e-03         1.0405781624069661e-04
5                                      0.0000000000000000e+00         0.0000000000000000e+00         0.0000000000000000e+00         0.0000000000000000e+00         0.0000000000000000e+00         0.0000000000000000e+00         2.1312157958791236e-02         1.3477891151910554e-02
6                                      0.0000000000000000e+00         0.0000000000000000e+00         0.0000000000000000e+00         0.0000000000000000e+00         0.0000000000000000e+00         0.0000000000000000e+00         7.1253077068662652e-03         1.4376658786873558e-04
7                                      0.0000000000000000e+00         0.0000000000000000e+00         0.0000000000000000e+00         0.0000000000000000e+00         0.0000000000000000e+00         0.0000000000000000e+00        -4.0066329730175636e-03        -1.5930885247399625e-04
8                                      0.0000000000000000e+00         0.0000000000000000e+00         0.0000000000000000e+00         0.0000000000000000e+00         0.0000000000000000e+00         0.0000000000000000e+00         2.1317086204025528e-02         1.3475321476205357e-02
9                                      0.0000000000000000e+00         0.0000000000000000e+00         0.0000000000000000e+00         0.0000000000000000e+00         0.0000000000000000e+00         0.0000000000000000e+00        -7.1252308092509741e-03        -1.4393921907733954e-04
10                                     0.0000000000000000e+00         0.0000000000000000e+00         0.0000000000000000e+00         0.0000000000000000e+00         0.0000000000000000e+00         0.0000000000000000e+00        -4.0066366585391634e-03        -1.5929777199827266e-04
11                                     0.0000000000000000e+00         0.0000000000000000e+00         0.0000000000000000e+00         0.0000000000000000e+00         0.0000000000000000e+00         0.0000000000000000e+00         2.1317218620851026e-02         1.3475100464091489e-02
12                                     0.0000000000000000e+00         0.0000000000000000e+00         0.0000000000000000e+00         0.0000000000000000e+00         0.0000000000000000e+00         0.0000000000000000e+00        -6.9382452664719128e-08         9.8465857698455534e-09
13                                     0.0000000000000000e+00         0.0000000000000000e+00         0.0000000000000000e+00         0.0000000000000000e+00         0.0000000000000000e+00         0.0000000000000000e+00        -5.6793686308125588e-06         6.4194636784368740e-06
14                                     0.0000000000000000e+00         0.0000000000000000e+00         0.0000000000000000e+00         0.0000000000000000e+00         0.0000000000000000e+00         0.0000000000000000e+00        -2.0188957755234601e-02         8.6692549969887997e-02
15                                     0.0000000000000000e+00         0.0000000000000000e+00         0.0000000000000000e+00         0.0000000000000000e+00         0.0000000000000000e+00         0.0000000000000000e+00        -4.3732531531655500e-08         3.9938706030313706e-09
16                                     0.0000000000000000e+00         0.0000000000000000e+00         0.0000000000000000e+00         0.0000000000000000e+00         0.0000000000000000e+00         0.0000000000000000e+00        -3.4074004896774580e-06         3.8638302273876427e-06
17                                     0.0000000000000000e+00         0.0000000000000000e+00         0.0000000000000000e+00         0.0000000000000000e+00         0.0000000000000000e+00         0.0000000000000000e+00        -1.4274752311021703e-02        -5.5964281047267458e-02
                                                         8                           9                          10                          11                          12                          13                          14                          15

0                                      2.4729888636602165e-01         6.4180743526900122e-05        -1.3342068217339413e-07        -1.2139925596393800e-02         1.7832842088705727e-05         3.8503899920382882e-04         9.2233623669353879e-02         3.7446123386871493e-07
1                                     -6.4182914306134400e-05         2.4730030238752618e-01        -8.9885004128888442e-07         1.7771848928285450e-05         1.2134217630982798e-02         9.2230391167468326e-02        -3.8501897691006922e-04         2.2577468822189170e-05
2                                     -7.8086368601064815e-07        -6.3538233846821939e-05         1.8481892897102080e-02        -2.7132602118402521e-07         3.2765408844072542e-06         1.6771500083115081e-05        -3.8289425237335818e-07        -4.5836380916936216e-03
3                                      2.5533197588117534e-01         6.6452880425003037e-05        -1.1025393578910217e-06         5.2961632337128743e-02        -7.6254886454330762e-05        -3.1947751798510528e-03        -7.6630879361505466e-01         2.0519785263662462e-07
4                                     -6.5044160953239990e-05         2.5053323867918270e-01         1.8278219672539890e-02        -3.1035477298079820e-05        -2.0796489943626068e-02         5.4721170014713778e-02        -2.2417182847673880e-04         5.7452287949687997e-01
5                                      3.4501986575069713e-07        -4.8430039880999129e-03        -5.7034341452539394e-01         1.1938152601066484e-03         8.0996066255048360e-01        -5.9597944825615715e-02         2.5102941244300856e-04         1.7820935340462273e-02
6                                      2.5173231822800002e-01         2.1389634021529874e-03         1.5828804248014174e-02         2.8811497497654548e-02        -1.3959125378945799e-02        -3.5616007209906919e-01        -1.4904570225256497e-01         4.9778458991416141e-01
7                                      2.0148466003800450e-03         2.5412440560642224e-01        -9.1351866617801099e-03         1.3864170152325056e-02        -4.4923231627177061e-02        -5.6252971005210128e-01        -3.5318217053366280e-01        -2.8740002240181906e-01
8                                     -4.2013441598905826e-03         2.4180497604482259e-03        -5.7026878756230559e-01        -7.0206294158382843e-01        -4.0401467075796937e-01         2.9585662514750144e-02        -5.1761245398302937e-02         1.7830821077641518e-02
9                                      2.5173337801822881e-01        -2.0084746629796825e-03        -1.5831759453395322e-02         2.8857361440232862e-02         1.3872885917626034e-02         3.5489905503478864e-01        -1.5200627882259657e-01        -4.9778923275296033e-01
10                                    -2.1467273587176903e-03         2.5412376113728169e-01        -9.1356197418448991e-03        -1.3995633124448324e-02        -4.4884940245392378e-02        -5.5956868326138420e-01         3.5786212534281897e-01        -2.8740293986313808e-01
11                                     4.1984266471033569e-03         2.4204172125174518e-03        -5.7024588588760694e-01         7.0089636252312104e-01        -4.0606686698982408e-01         3.0013819846583776e-02         5.1513887132330474e-02         1.7834414013417083e-02
12                                    -2.3920563983874363e-02        -6.2085481404137490e-06        -1.6162984111428695e-08        -3.0020666618949597e-03         4.3899169295231055e-06        -1.3755736788841506e-06        -3.3114509502179157e-04        -8.1224940568443250e-09
13                                     6.2079526629239149e-06        -2.3920534029249020e-02        -2.1349372055814512e-07         4.3942384152536825e-06         3.0023394354517243e-03        -3.3068251859521040e-04         1.3847168311626314e-06         6.7675867872030674e-08
14                                     9.5511363728608286e-08         2.8096038905938987e-05         9.1975909804933396e-03        -1.3451803805659858e-07         3.9426387197874524e-07        -2.0633184174262397e-06         8.3205631038711244e-09        -3.0154107030456495e-05
15                                    -1.4372907134240729e-02        -3.7299374833540473e-06         5.5036603163690296e-08         2.1604589237074630e-03        -3.1611530846371310e-06        -1.8405437675026976e-07        -4.3025216017577729e-05         4.9210044825750380e-09
16                                     3.7303852215015201e-06        -1.4372930809344773e-02         1.6061198622826610e-07        -3.1580684778542355e-06        -2.1602955850874889e-03        -4.2879858089390051e-05         1.7647606250668729e-07         4.5217890908954569e-08
17                                     3.4205426600374152e-08        -1.1640208594129530e-05         6.0494201556390665e-03        -1.0596691026862021e-07         4.0178079554399401e-07        -3.0049788770602794e-07         1.8409316859103598e-09         2.7969507297813755e-05
                                                        16                          17

0                                     -9.3105584762664922e-02        -1.4006836208778576e-03
1                                     -1.4006765815895218e-03         9.3105729076089536e-02
2                                      2.8331711284142477e-07         9.2796774883929451e-07
3                                     -3.6359408031580234e-02        -5.5119961909214001e-04
4                                      1.1566472226340566e-02        -7.6840289779368554e-01
5                                      4.2803110304902889e-04        -2.8428736112901906e-02
6                                      5.6186918630099159e-01         3.5682909111831373e-01
7                                     -3.4593800729237234e-01        -1.6997337706878157e-01
8                                      2.4399939498815047e-02         1.4577961557958456e-02
9                                      5.7235167032971535e-01        -3.3976163654398567e-01
10                                     3.5088767515662500e-01        -1.5948294503832058e-01
11                                    -2.4831311939025592e-02         1.3839434436895233e-02
12                                     7.5105904405922569e-05         1.1250060446681730e-06
13                                     1.1363759654456630e-06        -7.5134870082264852e-05
14                                    -6.0637843417497542e-10         1.2292207801528804e-08
15                                     4.4490753620296650e-05         6.7248221053695342e-07
16                                     6.6556950760153438e-07        -4.4503878276961077e-05
17                                     1.0713674846122151e-10        -5.4935306702178670e-09
$End
$THERMOCHEMISTRY_Energies
   &GeometryIndex 6
   &temperature [&Type "Double"]       2.9814999999999998e+02
   &pressure [&Type "Double"]       1.0000000000000000e+00
   &totalMass [&Type "Double"]       2.2183500000000001e+02
   &spinDegeneracy [&Type "Integer"] 1
   &elEnergy [&Type "Double"]      -1.1819808577110001e+01
   &transEnergy [&Type "Double"]       1.4162714244859817e-03
   &rotEnergy [&Type "Double"]       1.4162714244859817e-03
   &vibEnergy [&Type "Double"]       2.0186909491252758e-03
   &numOfFreqs [&Type "Integer"] 18
   &freqScalingFactor [&Type "Double"]       1.0000000000000000e+00
   &FREQ [&Type "ArrayOfDoubles", &Units "cm^-1", &Dim (18,1)] 
                                                         0

0                                      0.0000000000000000e+00
1                                      0.0000000000000000e+00
2                                      0.0000000000000000e+00
3                                      0.0000000000000000e+00
4                                      0.0000000000000000e+00
5                                      0.0000000000000000e+00
6                                     -2.7963263565821126e+02
7                                      1.2722755069045473e+02
8                                      1.7683378027855130e+02
9                                      1.7684832326044008e+02
10                                     9.7185843515640022e+02
11                                     9.8263264362463428e+02
12                                     9.8270990934969984e+02
13                                     1.3390893586468626e+03
14                                     1.3391146281908900e+03
15                                     3.1413564372858987e+03
16                                     3.2282940947513575e+03
17                                     3.2283128860906668e+03
   &zpe [&Type "Double"]       3.5754196216378098e-02
   &innerEnergyU [&Type "Double"]      -1.1779203147095526e+01
   &enthalpyH [&Type "Double"]      -1.1778258938053266e+01
   &qEl [&Type "Double"]       0.0000000000000000e+00
   &qRot [&Type "Double"]       1.1811375731580823e-02
   &qVib [&Type "Double"]       3.7755968782610221e-03
   &qTrans [&Type "Double"]       1.9999675746369457e-02
   &entropyS [&Type "Double"]       3.5586648356211309e-02
   &freeEnergyG [&Type "Double"]      -1.1813845586409478e+01
   &isLinear [&Type "Boolean"] false
$End
$Geometry
   &GeometryIndex 7
   &NAtoms [&Type "Integer"] 6
   &NCorelessECP [&Type "Integer"] 0
   &NGhostAtoms [&Type "Integer"] 0
   &CartesianCoordinates [&Type "Coordinates", &Dim(6,4), &Units "Bohr"] 
              C      0.000000295335    0.000011169853    0.009734903894
              H      0.000000097750    2.016086100056    0.051898012607
              H      1.745976997384   -1.008015965254    0.051898500741
              H     -1.745976779162   -1.008015952116    0.051898355768
              Br    -0.000000280309   -0.000034561148    4.662743818831
              I     -0.000000330999   -0.000030791391   -4.920770172404
$End
$Single_Point_Data
   &GeometryIndex 7
   &FinalEnergy [&Type "Double"]      -1.1819784891390000e+01  "Final single point energy"
   &Converged [&Type "Boolean"] true
$End
$Geometry
   &GeometryIndex 8
   &NAtoms [&Type "Integer"] 6
   &NCorelessECP [&Type "Integer"] 0
   &NGhostAtoms [&Type "Integer"] 0
   &CartesianCoordinates [&Type "Coordinates", &Dim(6,4), &Units "Bohr"] 
              C      0.000000106888    0.000004452498    0.043799493882
              H      0.000000044378    2.015813157669    0.048969209794
              H      1.745743172529   -1.007896263889    0.048966562856
              H     -1.745743077562   -1.007896260284    0.048966496417
              Br    -0.000000104365   -0.000012928481    4.629079528358
              I     -0.000000141867   -0.000012157512   -4.912377871869
$End
$Single_Point_Data
   &GeometryIndex 8
   &FinalEnergy [&Type "Double"]      -1.1819769886670001e+01  "Final single point energy"
   &Converged [&Type "Boolean"] true
$End
$Geometry
   &GeometryIndex 9
   &NAtoms [&Type "Integer"] 6
   &NCorelessECP [&Type "Integer"] 0
   &NGhostAtoms [&Type "Integer"] 0
   &CartesianCoordinates [&Type "Coordinates", &Dim(6,4), &Units "Bohr"] 
              C      0.000000011760   -0.000000026728    0.057899759448
              H      0.000000009834    2.015636782884    0.047042746992
              H      1.745592693758   -1.007818409412    0.047041657217
              H     -1.745592677295   -1.007818411243    0.047041651292
              Br    -0.000000007036   -0.000000174504    4.616596884071
              I     -0.000000031020    0.000000239004   -4.908219279582
$End
$Single_Point_Data
   &GeometryIndex 9
   &FinalEnergy [&Type "Double"]      -1.1819768722930000e+01  "Final single point energy"
   &Converged [&Type "Boolean"] true
$End
$Geometry
   &GeometryIndex 10
   &NAtoms [&Type "Integer"] 6
   &NCorelessECP [&Type "Integer"] 0
   &NGhostAtoms [&Type "Integer"] 0
   &CartesianCoordinates [&Type "Coordinates", &Dim(6,4), &Units "Bohr"] 
              C      0.000000008737    0.000000036519    0.057580826677
              H      0.000000010977    2.015674447294    0.046993560979
              H      1.745625250981   -1.007837165070    0.046993346174
              H     -1.745625232365   -1.007837166978    0.046993346891
              Br    -0.000000008393   -0.000000472956    4.616926313364
              I     -0.000000029936    0.000000321192   -4.908083974647
$End
$Single_Point_Data
   &GeometryIndex 10
   &FinalEnergy [&Type "Double"]      -1.1819768721419999e+01  "Final single point energy"
   &Converged [&Type "Boolean"] true
$End
$Hessian
   &GeometryIndex 10
   &HESSIAN [&Type "ArrayOfDoubles", &Dim (18,18)] "The Hessian"
                                                         0                           1                           2                           3                           4                           5                           6                           7

0                                      5.9163278630000005e-01         2.0000000000000001e-09        -2.1814000000000000e-06        -4.1193570499999999e-02        -1.5572999999999999e-06         1.3840000000000000e-07        -2.6446212050000001e-01         1.2890572240000001e-01
1                                      2.0000000000000001e-09         5.9163161320000002e-01         3.1549000000000001e-06        -1.5531000000000000e-06        -3.3889336360000000e-01         1.7412445000000000e-03         1.2890683829999999e-01        -1.1561394340000000e-01
2                                     -2.1814000000000000e-06         3.1549000000000001e-06        -3.4936396100000003e-02         1.3969999999999999e-07         1.1256039000000001e-03        -3.8744372000000002e-03         9.9376960000000002e-04        -5.6915399999999999e-04
3                                     -4.1193570499999999e-02        -1.5531000000000000e-06         1.3969999999999999e-07         4.1057947300000001e-02         1.6852000000000000e-06        -2.2099999999999999e-08        -2.0853270000000001e-04         2.3825212599999999e-02
4                                     -1.5572999999999999e-06        -3.3889336360000000e-01         1.1256039000000001e-03         1.6852000000000000e-06         3.6426194670000001e-01        -2.6450137000000001e-03        -6.4508000000000000e-05        -1.3926819500000000e-02
5                                      1.3840000000000000e-07         1.7412445000000000e-03        -3.8744372000000002e-03        -2.2099999999999999e-08        -2.6450137000000001e-03         3.8365742199999997e-02         3.6298099999999997e-05        -1.2127060000000000e-04
6                                     -2.6446212050000001e-01         1.2890683829999999e-01         9.9376960000000002e-04        -2.0853270000000001e-04        -6.4508000000000000e-05         3.6298099999999997e-05         2.8346156729999999e-01        -1.3995212190000000e-01
7                                      1.2890572240000001e-01        -1.1561394340000000e-01        -5.6915399999999999e-04         2.3825212599999999e-02        -1.3926819500000000e-02        -1.2127060000000000e-04        -1.3995212190000000e-01         1.2185921819999999e-01
8                                      1.5091748999999999e-03        -8.7033200000000003e-04        -3.8743401000000000e-03        -8.6625999999999994e-05         9.0949299999999993e-05        -7.3403369999999995e-04        -2.2907991000000001e-03         1.3229838000000001e-03
9                                     -2.6446483370000001e-01        -1.2890528760000000e-01        -9.9195540000000001e-04        -2.0878420000000001e-04         6.4366400000000001e-05        -3.6301899999999999e-05        -2.0789148200000000e-02        -1.1944365199999999e-02
10                                    -1.2890416560000001e-01        -1.1561124460000000e-01        -5.6824730000000002e-04        -2.3825359000000001e-02        -1.3926572000000000e-02        -1.2110450000000001e-04         1.1944650899999999e-02         6.6496061999999998e-03
11                                    -1.5073630000000001e-03        -8.6944550000000000e-04        -3.8743396999999999e-03         8.6622700000000007e-05         9.0940799999999995e-05        -7.3403629999999997e-04         1.2335960000000001e-04         2.9200099999999998e-05
12                                    -1.1295765300000000e-02         5.5999999999999997e-09         1.1940000000000000e-07         3.0170110000000001e-04         4.6999999999999999e-09        -1.3700000000000000e-08         8.9118610000000001e-04        -3.4031559999999998e-04
13                                    -1.2000000000000000e-09        -1.1296606200000000e-02         4.4707000000000002e-06         3.5500000000000000e-08         1.0904852000000000e-03         8.8685698999999996e-03        -3.4064940000000003e-04         4.9664999999999996e-04
14                                     1.1790000000000000e-07        -4.2050999999999998e-06         2.3569404499999998e-02        -5.7700000000000001e-08        -3.7172899999999998e-05        -1.6863732600000000e-02        -5.0839600000000000e-05         2.4942300000000000e-05
15                                    -1.0216496300000001e-02        -5.1000000000000002e-09         1.0800000000000000e-07         2.5123900000000000e-04         8.9999999999999995e-09        -9.8799999999999998e-08         1.1070479000000000e-03        -4.9413229999999999e-04
16                                    -3.0000000000000000e-10        -1.0216455399999999e-02         4.1717000000000002e-06        -2.1200000000000001e-08         1.3943231000000001e-03        -7.7224256000000000e-03        -4.9421000000000003e-04         5.3528859999999996e-04
17                                     1.1319999999999999e-07        -4.1680000000000003e-07         2.2990108700000001e-02        -5.6699999999999998e-08         1.3746927000000001e-03        -1.6159502400000001e-02         1.1882113999999999e-03        -6.8670160000000005e-04
                                                         8                           9                          10                          11                          12                          13                          14                          15

0                                      1.5091748999999999e-03        -2.6446483370000001e-01        -1.2890416560000001e-01        -1.5073630000000001e-03        -1.1295765300000000e-02        -1.2000000000000000e-09         1.1790000000000000e-07        -1.0216496300000001e-02
1                                     -8.7033200000000003e-04        -1.2890528760000000e-01        -1.1561124460000000e-01        -8.6944550000000000e-04         5.5999999999999997e-09        -1.1296606200000000e-02        -4.2050999999999998e-06        -5.1000000000000002e-09
2                                     -3.8743401000000000e-03        -9.9195540000000001e-04        -5.6824730000000002e-04        -3.8743396999999999e-03         1.1940000000000000e-07         4.4707000000000002e-06         2.3569404499999998e-02         1.0800000000000000e-07
3                                     -8.6625999999999994e-05        -2.0878420000000001e-04        -2.3825359000000001e-02         8.6622700000000007e-05         3.0170110000000001e-04         3.5500000000000000e-08        -5.7700000000000001e-08         2.5123900000000000e-04
4                                      9.0949299999999993e-05         6.4366400000000001e-05        -1.3926572000000000e-02         9.0940799999999995e-05         4.6999999999999999e-09         1.0904852000000000e-03        -3.7172899999999998e-05         8.9999999999999995e-09
5                                     -7.3403369999999995e-04        -3.6301899999999999e-05        -1.2110450000000001e-04        -7.3403629999999997e-04        -1.3700000000000000e-08         8.8685698999999996e-03        -1.6863732600000000e-02        -9.8799999999999998e-08
6                                     -2.2907991000000001e-03        -2.0789148200000000e-02         1.1944650899999999e-02         1.2335960000000001e-04         8.9118610000000001e-04        -3.4064940000000003e-04        -5.0839600000000000e-05         1.1070479000000000e-03
7                                      1.3229838000000001e-03        -1.1944365199999999e-02         6.6496061999999998e-03         2.9200099999999998e-05        -3.4031559999999998e-04         4.9664999999999996e-04         2.4942300000000000e-05        -4.9413229999999999e-04
8                                      3.8362656799999999e-02        -1.2322630000000001e-04         2.9114100000000000e-05        -7.3097730000000005e-04         7.6786787999999998e-03        -4.4341322000000004e-03        -1.6863818600000000e-02        -6.6872023000000003e-03
9                                     -1.2322630000000001e-04         2.8346452729999999e-01         1.3995043909999999e-01         2.2891042000000002e-03         8.9113940000000002e-04         3.4061610000000000e-04         5.0716400000000001e-05         1.1070994000000000e-03
10                                     2.9114100000000000e-05         1.3995043909999999e-01         1.2185628850000001e-01         1.3219846000000000e-03         3.4031129999999998e-04         4.9664329999999995e-04         2.4936899999999998e-05         4.9412320000000003e-04
11                                    -7.3097730000000005e-04         2.2891042000000002e-03         1.3219846000000000e-03         3.8362624999999997e-02        -7.6788472000000000e-03        -4.4340387999999998e-03        -1.6863751900000001e-02         6.6871237000000004e-03
12                                     7.6786787999999998e-03         8.9113940000000002e-04         3.4031129999999998e-04        -7.6788472000000000e-03         7.6191996000000003e-03        -3.3000000000000002e-09         1.3720000000000001e-07         1.5925392000000001e-03
13                                    -4.4341322000000004e-03         3.4061610000000000e-04         4.9664329999999995e-04        -4.4340387999999998e-03        -3.3000000000000002e-09         7.6203277000000003e-03        -4.3514000000000004e-06         2.2999999999999999e-09
14                                    -1.6863818600000000e-02         5.0716400000000001e-05         2.4936899999999998e-05        -1.6863751900000001e-02         1.3720000000000001e-07        -4.3514000000000004e-06         4.7514139099999998e-02        -7.4200000000000003e-08
15                                    -6.6872023000000003e-03         1.1070994000000000e-03         4.9412320000000003e-04         6.6871237000000004e-03         1.5925392000000001e-03         2.2999999999999999e-09        -7.4200000000000003e-08         6.1585707999999998e-03
16                                     3.8614170999999998e-03         4.9423119999999999e-04         5.3527849999999999e-04         3.8613586999999999e-03        -2.6000000000000001e-09         1.5924998999999999e-03        -4.1497999999999996e-06         2.8999999999999999e-09
17                                    -1.6159487100000001e-02        -1.1883371000000001e-03        -6.8668379999999995e-04        -1.6159519800000001e-02        -7.4499999999999999e-08        -5.1819999999999997e-07        -2.0492240500000002e-02         1.4370000000000000e-07
                                                        16                          17

0                                     -3.0000000000000000e-10         1.1319999999999999e-07
1                                     -1.0216455399999999e-02        -4.1680000000000003e-07
2                                      4.1717000000000002e-06         2.2990108700000001e-02
3                                     -2.1200000000000001e-08        -5.6699999999999998e-08
4                                      1.3943231000000001e-03         1.3746927000000001e-03
5                                     -7.7224256000000000e-03        -1.6159502400000001e-02
6                                     -4.9421000000000003e-04         1.1882113999999999e-03
7                                      5.3528859999999996e-04        -6.8670160000000005e-04
8                                      3.8614170999999998e-03        -1.6159487100000001e-02
9                                      4.9423119999999999e-04        -1.1883371000000001e-03
10                                     5.3527849999999999e-04        -6.8668379999999995e-04
11                                     3.8613586999999999e-03        -1.6159519800000001e-02
12                                    -2.6000000000000001e-09        -7.4499999999999999e-08
13                                     1.5924998999999999e-03        -5.1819999999999997e-07
14                                    -4.1497999999999996e-06        -2.0492240500000002e-02
15                                     2.8999999999999999e-09         1.4370000000000000e-07
16                                     6.1590654000000002e-03        -3.7220000000000001e-07
17                                    -3.7220000000000001e-07         4.5980641099999997e-02
   &MODES [&Type "ArrayOfDoubles", &Dim (18,18)] "The modes of vibrations"
                                                         0                           1                           2                           3                           4                           5                           6                           7

0                                      0.0000000000000000e+00         0.0000000000000000e+00         0.0000000000000000e+00         0.0000000000000000e+00         0.0000000000000000e+00         0.0000000000000000e+00        -9.3108551795934999e-07        -7.2383193771798044e-08
1                                      0.0000000000000000e+00         0.0000000000000000e+00         0.0000000000000000e+00         0.0000000000000000e+00         0.0000000000000000e+00         0.0000000000000000e+00        -4.0512600080627740e-05        -7.1506355922701660e-05
2                                      0.0000000000000000e+00         0.0000000000000000e+00         0.0000000000000000e+00         0.0000000000000000e+00         0.0000000000000000e+00         0.0000000000000000e+00        -2.7994851742417359e-01         1.2907876838507271e-02
3                                      0.0000000000000000e+00         0.0000000000000000e+00         0.0000000000000000e+00         0.0000000000000000e+00         0.0000000000000000e+00         0.0000000000000000e+00         1.6109975819161386e-08        -7.0463419576985792e-08
4                                      0.0000000000000000e+00         0.0000000000000000e+00         0.0000000000000000e+00         0.0000000000000000e+00         0.0000000000000000e+00         0.0000000000000000e+00         6.5625917663191468e-04         2.1084762734980083e-04
5                                      0.0000000000000000e+00         0.0000000000000000e+00         0.0000000000000000e+00         0.0000000000000000e+00         0.0000000000000000e+00         0.0000000000000000e+00        -1.2764069790207229e-02         1.6656578970416527e-02
6                                      0.0000000000000000e+00         0.0000000000000000e+00         0.0000000000000000e+00         0.0000000000000000e+00         0.0000000000000000e+00         0.0000000000000000e+00         6.2405779178159246e-04         2.4911721553183281e-04
7                                      0.0000000000000000e+00         0.0000000000000000e+00         0.0000000000000000e+00         0.0000000000000000e+00         0.0000000000000000e+00         0.0000000000000000e+00        -3.8102109662179531e-04        -2.1337628712504532e-04
8                                      0.0000000000000000e+00         0.0000000000000000e+00         0.0000000000000000e+00         0.0000000000000000e+00         0.0000000000000000e+00         0.0000000000000000e+00        -1.2760310480235855e-02         1.6661476713906088e-02
9                                      0.0000000000000000e+00         0.0000000000000000e+00         0.0000000000000000e+00         0.0000000000000000e+00         0.0000000000000000e+00         0.0000000000000000e+00        -6.2404623470758340e-04        -2.4924102636856806e-04
10                                     0.0000000000000000e+00         0.0000000000000000e+00         0.0000000000000000e+00         0.0000000000000000e+00         0.0000000000000000e+00         0.0000000000000000e+00        -3.8103303486754822e-04        -2.1336642204709802e-04
11                                     0.0000000000000000e+00         0.0000000000000000e+00         0.0000000000000000e+00         0.0000000000000000e+00         0.0000000000000000e+00         0.0000000000000000e+00        -1.2760427515830577e-02         1.6661285375981799e-02
12                                     0.0000000000000000e+00         0.0000000000000000e+00         0.0000000000000000e+00         0.0000000000000000e+00         0.0000000000000000e+00         0.0000000000000000e+00         7.2930991126142344e-08         7.5961751059157958e-09
13                                     0.0000000000000000e+00         0.0000000000000000e+00         0.0000000000000000e+00         0.0000000000000000e+00         0.0000000000000000e+00         0.0000000000000000e+00         3.8589321153706626e-06         7.0006796799751080e-06
14                                     0.0000000000000000e+00         0.0000000000000000e+00         0.0000000000000000e+00         0.0000000000000000e+00         0.0000000000000000e+00         0.0000000000000000e+00         2.0608377948284729e-02         8.6509093155121855e-02
15                                     0.0000000000000000e+00         0.0000000000000000e+00         0.0000000000000000e+00         0.0000000000000000e+00         0.0000000000000000e+00         0.0000000000000000e+00         4.1987341048151180e-08         3.6114152860239697e-09
16                                     0.0000000000000000e+00         0.0000000000000000e+00         0.0000000000000000e+00         0.0000000000000000e+00         0.0000000000000000e+00         0.0000000000000000e+00         2.2451495511946716e-06         4.0751046259612802e-06
17                                     0.0000000000000000e+00         0.0000000000000000e+00         0.0000000000000000e+00         0.0000000000000000e+00         0.0000000000000000e+00         0.0000000000000000e+00         1.3825400559199072e-02        -5.6087409200869451e-02
                                                         8                           9                          10                          11                          12                          13                          14                          15

0                                      2.4714517324502550e-01         2.0182074332111000e-05         5.0499604188356095e-08        -3.7798774339778914e-03         7.9126673831174676e-07        -2.9056563045057895e-06        -9.2969476106337157e-02        -3.5473300131423130e-09
1                                     -2.0182003918519996e-05         2.4714625877711832e-01         7.9122057286921473e-08         8.3210148814653547e-07         3.7830528621218976e-03        -9.2966337340126409e-02         2.9029998626187153e-06         7.0468518057746258e-06
2                                     -8.0381390442426628e-07        -4.0748430617957433e-05         1.4531879162238538e-02         3.0070250632923642e-08         3.8483914204303643e-07         6.8519116372970707e-06         3.2838362319431295e-07        -4.4333251276509406e-04
3                                      2.5571165494550535e-01         2.0890015043767093e-05        -1.9778165440926699e-06         1.3088021807429731e-03        -1.6696357306730480e-06         1.9685863243805355e-05         7.6801392703445515e-01         3.4444449003738460e-09
4                                     -2.0478566168940763e-05         2.5042557612689914e-01        -4.1972568053053457e-03        -6.0273600796027504e-07        -3.0409727665490203e-03        -5.3336156929331323e-02        -2.6436756796902511e-06        -5.7508237931585371e-01
5                                     -1.7031952835551350e-06         1.0562564575933735e-02        -5.7071363259413610e-01        -1.6684857986118271e-04        -8.1259169808508713e-01        -4.5073953742246825e-03        -2.5150559514565570e-06         4.1557506853174596e-03
6                                      2.5174388194349334e-01         2.3071000192027677e-03        -3.6294210949619952e-03         2.6136244740899263e-03         7.4480613778366857e-04         3.5565594200212708e-01         1.5199288697079105e-01        -4.9798145353255879e-01
7                                      2.2700974981205240e-03         2.5438077079241661e-01         2.1036794775453312e-03        -7.5217029900730560e-04        -1.7530168653193917e-03         5.6269067279207041e-01         3.5564020840654431e-01         2.8750483643371971e-01
8                                      9.1386029501079585e-03        -5.2738418902011502e-03        -5.7072411295452541e-01         7.0380462593579385e-01         4.0614351478882926e-01         2.2621004251060159e-03        -3.8963133689924874e-03         4.1574055641879258e-03
9                                      2.5174414505121917e-01        -2.2659919549111946e-03         3.6254433156297041e-03         2.6083806672239011e-03        -7.4446196786510086e-04        -3.5564213914624548e-01         1.5200770187996637e-01         4.9798153543141460e-01
10                                    -2.3116135947162161e-03         2.5438044157696710e-01         2.1036666920216810e-03         7.5160138862918305e-04        -1.7508928377463436e-03         5.6267590994372063e-01        -3.5567106432308165e-01         2.8750487973587247e-01
11                                    -9.1395156541260996e-03        -5.2750072502881686e-03        -5.7072483164068721e-01        -7.0363695657043690e-01         4.0643299231893482e-01         2.2648859344761066e-03         3.8951116136172188e-03         4.1539650253333508e-03
12                                    -2.4308846737350984e-02        -1.9858446030727854e-06         3.6731432142779935e-08         3.5074548837651953e-03        -7.2260336940969376e-07         1.4888442183748742e-09         2.3233906220475748e-04         7.6725372967085044e-09
13                                     1.9851823873289429e-06        -2.4308826703238140e-02        -4.3730977387941135e-08        -7.2677842684604833e-07        -3.5076107989931576e-03         2.3192664842351982e-04        -1.2759271549749811e-08        -7.5034954864751356e-08
14                                     9.8154567174661409e-08         2.8176417289752922e-05         9.9629495172832792e-03        -1.9850341056413230e-08         5.3336632355677603e-08        -1.0939399464028551e-06        -2.3383827416972538e-10        -4.4544241990497982e-06
15                                    -1.4117077233470421e-02        -1.1523402284266062e-06         1.9399909134667984e-08        -1.9025105684315523e-03         3.9060814783552111e-07         8.0713186911056799e-09         1.3791847463168503e-04        -5.1730086443569537e-09
16                                     1.1527233757647462e-06        -1.4117090176418387e-02        -6.0096998525384313e-08         3.8815007792014540e-07         1.9024199877224466e-03         1.3775468376917035e-04        -6.3732543762528788e-10        -4.2553134071884034e-08
17                                     3.5058198462686492e-08        -1.3992840821330980e-05         5.9517557979376044e-03         3.1325192307107048e-09         5.0658828063334799e-08        -1.1536818123174502e-07        -1.4104507703282728e-09        -5.4263852960692032e-05
                                                        16                          17

0                                     -9.3220016955656265e-02        -4.7883733025701126e-07
1                                      4.8064206333429904e-07        -9.3220103959608142e-02
2                                      3.2511267204377184e-07        -3.1096169709914235e-06
3                                     -3.6290677394439579e-02         4.0194997464233258e-06
4                                      2.8606342692837071e-07         7.6872338491822956e-01
5                                      1.2537784564754895e-07        -6.2733580069304368e-03
6                                      5.6749334855810751e-01        -3.4862583438425587e-01
7                                     -3.4859890781779607e-01         1.6498665067962345e-01
8                                     -5.4343283160492124e-03         3.1348918662911680e-03
9                                      5.6749704935202572e-01         3.4862747536975669e-01
10                                     3.4859296888808783e-01         1.6498295806068836e-01
11                                     5.4303587936217106e-03         3.1324645550862245e-03
12                                     6.9734839493099311e-05         5.9882992127498053e-09
13                                     5.0651817589471265e-09         6.9791073711163119e-05
14                                    -2.4636181835206970e-10         4.8953242244666452e-07
15                                     5.2044851844518330e-05        -3.4114977321209991e-09
16                                    -3.7794376180167655e-09         5.2071113171960278e-05
17                                    -8.1530781118159358e-11         3.3771214519591537e-08
$End
$THERMOCHEMISTRY_Energies
   &GeometryIndex 10
   &temperature [&Type "Double"]       2.9814999999999998e+02
   &pressure [&Type "Double"]       1.0000000000000000e+00
   &totalMass [&Type "Double"]       2.2183500000000001e+02
   &spinDegeneracy [&Type "Integer"] 1
   &elEnergy [&Type "Double"]      -1.1819768721419999e+01
   &transEnergy [&Type "Double"]       1.4162714244859817e-03
   &rotEnergy [&Type "Double"]       1.4162714244859817e-03
   &vibEnergy [&Type "Double"]       1.9900175900850088e-03
   &numOfFreqs [&Type "Integer"] 18
   &freqScalingFactor [&Type "Double"]       1.0000000000000000e+00
   &FREQ [&Type "ArrayOfDoubles", &Units "cm^-1", &Dim (18,1)] 
                                                         0

0                                      0.0000000000000000e+00
1                                      0.0000000000000000e+00
2                                      0.0000000000000000e+00
3                                      0.0000000000000000e+00
4                                      0.0000000000000000e+00
5                                      0.0000000000000000e+00
6                                     -2.9044954148938302e+02
7                                      1.3434515425069711e+02
8                                      1.7822538817115506e+02
9                                      1.7823416150318039e+02
10                                     9.9071411768012410e+02
11                                     1.0128299114648732e+03
12                                     1.0129096764743439e+03
13                                     1.3354182417489556e+03
14                                     1.3354315130689713e+03
15                                     3.1483014678730733e+03
16                                     3.2360079083165806e+03
17                                     3.2360208665839064e+03
   &zpe [&Type "Double"]       3.5991490976378215e-02
   &innerEnergyU [&Type "Double"]      -1.1778954670004564e+01
   &enthalpyH [&Type "Double"]      -1.1778010460962305e+01
   &qEl [&Type "Double"]       0.0000000000000000e+00
   &qRot [&Type "Double"]       1.1791898873192735e-02
   &qVib [&Type "Double"]       3.7114583476165362e-03
   &qTrans [&Type "Double"]       1.9999675746369457e-02
   &entropyS [&Type "Double"]       3.5503032967178730e-02
   &freeEnergyG [&Type "Double"]      -1.1813513493929484e+01
   &isLinear [&Type "Boolean"] false
$End
$Calculation_Info
   &GeometryIndex 10
   &Mult [&Type "Integer"] 1
   &Charge [&Type "Integer"] -1
   &NumOfAtoms [&Type "Integer"] 6
   &NumOfElectrons [&Type "Integer"] 0
   &NumOfBasisFuncts [&Type "Integer"] 0
   &NumOfAuxCBasisFuncts [&Type "Integer"] 0
   &NumOfAuxJBasisFuncts [&Type "Integer"] 0
   &NumOfAuxJKBasisFuncts [&Type "Integer"] 0
   &NumOfCABSBasisFuncts [&Type "Integer"] 0
$End
$Calculation_Timings
   &GeometryIndex 10
   &GSTEP [&Type "Double"]       2.4696999999999802e-02
   &XTB [&Type "Double"]       1.8435759999999997e+00
   &XTBGRAD [&Type "Double"]       6.6820000000000546e-02
   &SUM [&Type "Double"]       1.9350930000000000e+00
$End
