*************************************************
******************* ORCA 6.1.0 ******************
*************************************************
$Calculation_Status
   &GeometryIndex 0
   &version [&Type "String"] "6.1.0"
   &progName [&Type "String"] "orca"
   &Status [&Type "String"] "NORMAL TERMINATION"
$End
$Geometry
   &GeometryIndex 1
   &NAtoms [&Type "Integer"] 6
   &NCorelessECP [&Type "Integer"] 0
   &NGhostAtoms [&Type "Integer"] 0
   &CartesianCoordinates [&Type "Coordinates", &Dim(6,4), &Units "Bohr"] 
              C      0.000000000000    0.000000000000    0.079973209988
              H      0.000000000000    2.050352855305    0.000000000000
              H      1.775658485025   -1.025176427652    0.000000000000
              H     -1.775658485025   -1.025176427652    0.000000000000
              Br     0.000000000000    0.000000000000    4.589237710750
              Cl     0.000000000000    0.000000000000   -4.629224315744
$End
$Single_Point_Data
   &GeometryIndex 1
   &FinalEnergy [&Type "Double"]      -1.2538914668240000e+01  "Final single point energy"
   &Converged [&Type "Boolean"] true
$End
$Hessian
   &GeometryIndex 1
   &HESSIAN [&Type "ArrayOfDoubles", &Dim (18,18)] "The Hessian"
                                                         0                           1                           2                           3                           4                           5                           6                           7

0                                      5.3548015400000004e-01         4.8000000000000000e-09        -1.9383000000000001e-06        -4.4552485800000000e-02        -1.2931000000000000e-06         1.7079999999999999e-07        -2.3417486800000001e-01         1.0947984160000000e-01
1                                      4.8000000000000000e-09         5.3548240619999998e-01         6.0360000000000003e-07        -1.2885000000000000e-06        -2.9737977589999998e-01         1.0811628199999999e-02         1.0948653179999999e-01        -1.0776578489999999e-01
2                                     -1.9383000000000001e-06         6.0360000000000003e-07        -3.1351842800000002e-02         1.3780000000000000e-07         1.0479928499999999e-02        -1.1085341699999999e-02         9.0739722000000005e-03        -5.2428385000000003e-03
3                                     -4.4552485800000000e-02        -1.2885000000000000e-06         1.3780000000000000e-07         4.2462484799999999e-02         1.4286000000000000e-06        -8.7200000000000000e-08         9.5292830000000002e-04         2.3965529800000000e-02
4                                     -1.2931000000000000e-06        -2.9737977589999998e-01         1.0479928499999999e-02         1.4286000000000000e-06         3.2101115359999999e-01        -1.3158367000000001e-02        -5.1142590000000001e-04        -1.2599432500000000e-02
5                                      1.7079999999999999e-07         1.0811628199999999e-02        -1.1085341699999999e-02        -8.7200000000000000e-08        -1.3158367000000001e-02         3.6075048100000000e-02        -3.9896730000000001e-04        -1.6384874000000000e-03
6                                     -2.3417486800000001e-01         1.0948653179999999e-01         9.0739722000000005e-03         9.5292830000000002e-04        -5.1142590000000001e-04        -3.9896730000000001e-04         2.5135298820000002e-01        -1.2062829910000000e-01
7                                      1.0947984160000000e-01        -1.0776578489999999e-01        -5.2428385000000003e-03         2.3965529800000000e-02        -1.2599432500000000e-02        -1.6384874000000000e-03        -1.2062829910000000e-01         1.1211483570000000e-01
8                                      9.3625475000000003e-03        -5.4045797000000003e-03        -1.1085434200000001e-02        -1.6172362000000000e-03         4.7370040000000000e-04         4.3891340000000000e-04        -1.1396038799999999e-02         6.5781913000000003e-03
9                                     -2.3417727980000000e-01        -1.0948525040000000e-01        -9.0724749000000004e-03         9.5266980000000001e-04         5.1128719999999999e-04         3.9894799999999999e-04        -1.9337967200000000e-02        -1.2226734000000000e-02
10                                    -1.0947854849999999e-01        -1.0776349180000000e-01        -5.2419429999999998e-03        -2.3965698800000001e-02        -1.2599205400000001e-02        -1.6383280999999999e-03         1.2227010000000000e-02         7.7369472000000002e-03
11                                    -9.3610505000000007e-03        -5.4037403000000003e-03        -1.1085324200000000e-02         1.6172436000000000e-03         4.7368330000000002e-04         4.3890189999999999e-04         1.2183124000000000e-03         1.1626733000000000e-03
12                                    -1.2375580700000000e-02         5.4999999999999996e-09         1.5809999999999999e-07        -1.4389989999999999e-04         1.6999999999999999e-09        -2.7999999999999998e-09         2.0799210000000000e-04        -2.0313260000000001e-04
13                                    -2.6000000000000001e-09        -1.2374510500000000e-02         2.1422000000000000e-06         4.0900000000000002e-08         3.3501110000000000e-04         1.0656291500000000e-02        -1.9492190000000001e-04        -3.2512799999999998e-05
14                                     1.2760000000000000e-07        -7.3119999999999996e-06         3.2151659399999998e-02        -3.8999999999999998e-08         1.3986332999999999e-03        -1.6382175299999999e-02         1.2177952000000001e-03        -6.8830680000000002e-04
15                                    -1.0199939700000001e-02        -3.2000000000000001e-09         1.4510000000000000e-07         3.2830270000000001e-04         1.5000000000000000e-09        -6.1500000000000001e-08         9.9892660000000001e-04        -3.8720580000000001e-04
16                                    -2.1999999999999998e-09        -1.0198843000000001e-02         2.1073000000000001e-06        -1.2100000000000001e-08         1.2322489999999999e-03        -5.0327371999999999e-03        -3.7889489999999999e-04         5.4594729999999996e-04
17                                     1.4280000000000001e-07         3.4002999999999999e-06         3.2456283400000001e-02        -1.8900000000000000e-08         3.3242150000000002e-04        -9.4853464000000005e-03         2.8492639999999999e-04        -1.7123190000000000e-04
                                                         8                           9                          10                          11                          12                          13                          14                          15

0                                      9.3625475000000003e-03        -2.3417727980000000e-01        -1.0947854849999999e-01        -9.3610505000000007e-03        -1.2375580700000000e-02        -2.6000000000000001e-09         1.2760000000000000e-07        -1.0199939700000001e-02
1                                     -5.4045797000000003e-03        -1.0948525040000000e-01        -1.0776349180000000e-01        -5.4037403000000003e-03         5.4999999999999996e-09        -1.2374510500000000e-02        -7.3119999999999996e-06        -3.2000000000000001e-09
2                                     -1.1085434200000001e-02        -9.0724749000000004e-03        -5.2419429999999998e-03        -1.1085324200000000e-02         1.5809999999999999e-07         2.1422000000000000e-06         3.2151659399999998e-02         1.4510000000000000e-07
3                                     -1.6172362000000000e-03         9.5266980000000001e-04        -2.3965698800000001e-02         1.6172436000000000e-03        -1.4389989999999999e-04         4.0900000000000002e-08        -3.8999999999999998e-08         3.2830270000000001e-04
4                                      4.7370040000000000e-04         5.1128719999999999e-04        -1.2599205400000001e-02         4.7368330000000002e-04         1.6999999999999999e-09         3.3501110000000000e-04         1.3986332999999999e-03         1.5000000000000000e-09
5                                      4.3891340000000000e-04         3.9894799999999999e-04        -1.6383280999999999e-03         4.3890189999999999e-04        -2.7999999999999998e-09         1.0656291500000000e-02        -1.6382175299999999e-02        -6.1500000000000001e-08
6                                     -1.1396038799999999e-02        -1.9337967200000000e-02         1.2227010000000000e-02         1.2183124000000000e-03         2.0799210000000000e-04        -1.9492190000000001e-04         1.2177952000000001e-03         9.9892660000000001e-04
7                                      6.5781913000000003e-03        -1.2226734000000000e-02         7.7369472000000002e-03         1.1626733000000000e-03        -2.0313260000000001e-04        -3.2512799999999998e-05        -6.8830680000000002e-04        -3.8720580000000001e-04
8                                      3.6075108299999999e-02        -1.2181595000000001e-03         1.1625987000000000e-03         4.3890710000000002e-04         9.2279808000000005e-03        -5.3272696000000001e-03        -1.6382139699999999e-02        -4.3590937000000003e-03
9                                     -1.2181595000000001e-03         2.5135567370000000e-01         1.2062690240000000e-01         1.1394601600000000e-02         2.0793290000000001e-04         1.9488500000000000e-04        -1.2179114000000000e-03         9.9897050000000002e-04
10                                     1.1625987000000000e-03         1.2062690240000000e-01         1.1211232720000000e-01         6.5772245999999998e-03         2.0313070000000001e-04        -3.2516700000000000e-05        -6.8830339999999995e-04         3.8720410000000002e-04
11                                     4.3890710000000002e-04         1.1394601600000000e-02         6.5772245999999998e-03         3.6074951299999998e-02        -9.2281536000000004e-03        -5.3271621999999999e-03        -1.6382050600000000e-02         4.3590464999999998e-03
12                                     9.2279808000000005e-03         2.0793290000000001e-04         2.0313070000000001e-04        -9.2281536000000004e-03         9.7404077000000002e-03        -3.0000000000000000e-09         9.0900000000000000e-08         2.3631478000000002e-03
13                                    -5.3272696000000001e-03         1.9488500000000000e-04        -3.2516700000000000e-05        -5.3271621999999999e-03        -3.0000000000000000e-09         9.7408917000000005e-03        -7.2941000000000002e-06         1.6000000000000001e-09
14                                    -1.6382139699999999e-02        -1.2179114000000000e-03        -6.8830339999999995e-04        -1.6382050600000000e-02         9.0900000000000000e-08        -7.2941000000000002e-06         3.5108315799999998e-02        -6.3399999999999999e-08
15                                    -4.3590937000000003e-03         9.9897050000000002e-04         3.8720410000000002e-04         4.3590464999999998e-03         2.3631478000000002e-03         1.6000000000000001e-09        -6.3399999999999999e-08         5.5105921000000004e-03
16                                     2.5173588000000002e-03         3.7890970000000000e-04         5.4593960000000005e-04         2.5173214000000000e-03        -2.2999999999999999e-09         2.3636372000000001e-03        -7.4169000000000001e-06         1.8000000000000000e-09
17                                    -9.4853548999999995e-03        -2.8500379999999998e-04        -1.7124870000000001e-04        -9.4853855000000004e-03        -7.3500000000000003e-08         3.2922000000000000e-06        -1.8113609700000002e-02         2.7100000000000001e-08
                                                        16                          17

0                                     -2.1999999999999998e-09         1.4280000000000001e-07
1                                     -1.0198843000000001e-02         3.4002999999999999e-06
2                                      2.1073000000000001e-06         3.2456283400000001e-02
3                                     -1.2100000000000001e-08        -1.8900000000000000e-08
4                                      1.2322489999999999e-03         3.3242150000000002e-04
5                                     -5.0327371999999999e-03        -9.4853464000000005e-03
6                                     -3.7889489999999999e-04         2.8492639999999999e-04
7                                      5.4594729999999996e-04        -1.7123190000000000e-04
8                                      2.5173588000000002e-03        -9.4853548999999995e-03
9                                      3.7890970000000000e-04        -2.8500379999999998e-04
10                                     5.4593960000000005e-04        -1.7124870000000001e-04
11                                     2.5173214000000000e-03        -9.4853855000000004e-03
12                                    -2.2999999999999999e-09        -7.3500000000000003e-08
13                                     2.3636372000000001e-03         3.2922000000000000e-06
14                                    -7.4169000000000001e-06        -1.8113609700000002e-02
15                                     1.8000000000000000e-09         2.7100000000000001e-08
16                                     5.5110699000000003e-03         3.3666000000000001e-06
17                                     3.3666000000000001e-06         1.4113413100000000e-02
   &MODES [&Type "ArrayOfDoubles", &Dim (18,18)] "The modes of vibrations"
                                                         0                           1                           2                           3                           4                           5                           6                           7

0                                      0.0000000000000000e+00         0.0000000000000000e+00         0.0000000000000000e+00         0.0000000000000000e+00         0.0000000000000000e+00         0.0000000000000000e+00        -9.2127863130701414e-07        -1.6898952822750759e-07
1                                      0.0000000000000000e+00         0.0000000000000000e+00         0.0000000000000000e+00         0.0000000000000000e+00         0.0000000000000000e+00         0.0000000000000000e+00        -1.0605275249993589e-05         2.3913722858412510e-04
2                                      0.0000000000000000e+00         0.0000000000000000e+00         0.0000000000000000e+00         0.0000000000000000e+00         0.0000000000000000e+00         0.0000000000000000e+00        -2.6920470930505958e-01         3.9623135047043477e-02
3                                      0.0000000000000000e+00         0.0000000000000000e+00         0.0000000000000000e+00         0.0000000000000000e+00         0.0000000000000000e+00         0.0000000000000000e+00        -3.0401749507312791e-07        -2.5949084141666894e-07
4                                      0.0000000000000000e+00         0.0000000000000000e+00         0.0000000000000000e+00         0.0000000000000000e+00         0.0000000000000000e+00         0.0000000000000000e+00         6.3720454812814858e-03        -2.2884297225206923e-04
5                                      0.0000000000000000e+00         0.0000000000000000e+00         0.0000000000000000e+00         0.0000000000000000e+00         0.0000000000000000e+00         0.0000000000000000e+00        -5.1375052538614026e-02         1.7243663826588231e-02
6                                      0.0000000000000000e+00         0.0000000000000000e+00         0.0000000000000000e+00         0.0000000000000000e+00         0.0000000000000000e+00         0.0000000000000000e+00         5.5224279949577975e-03        -3.9606948216605836e-04
7                                      0.0000000000000000e+00         0.0000000000000000e+00         0.0000000000000000e+00         0.0000000000000000e+00         0.0000000000000000e+00         0.0000000000000000e+00        -3.2115989189252744e-03         5.0862063482746229e-04
8                                      0.0000000000000000e+00         0.0000000000000000e+00         0.0000000000000000e+00         0.0000000000000000e+00         0.0000000000000000e+00         0.0000000000000000e+00        -5.1371700255071220e-02         1.7177627912425868e-02
9                                      0.0000000000000000e+00         0.0000000000000000e+00         0.0000000000000000e+00         0.0000000000000000e+00         0.0000000000000000e+00         0.0000000000000000e+00        -5.5228195212538023e-03         3.9555556068996263e-04
10                                     0.0000000000000000e+00         0.0000000000000000e+00         0.0000000000000000e+00         0.0000000000000000e+00         0.0000000000000000e+00         0.0000000000000000e+00        -3.2114739176305499e-03         5.0862355633782611e-04
11                                     0.0000000000000000e+00         0.0000000000000000e+00         0.0000000000000000e+00         0.0000000000000000e+00         0.0000000000000000e+00         0.0000000000000000e+00        -5.1371772130447815e-02         1.7178008627550964e-02
12                                     0.0000000000000000e+00         0.0000000000000000e+00         0.0000000000000000e+00         0.0000000000000000e+00         0.0000000000000000e+00         0.0000000000000000e+00         7.5328719758650934e-08         1.6951790437584107e-08
13                                     0.0000000000000000e+00         0.0000000000000000e+00         0.0000000000000000e+00         0.0000000000000000e+00         0.0000000000000000e+00         0.0000000000000000e+00         1.1283746634951104e-06        -2.3173985850970317e-05
14                                     0.0000000000000000e+00         0.0000000000000000e+00         0.0000000000000000e+00         0.0000000000000000e+00         0.0000000000000000e+00         0.0000000000000000e+00         2.0200899855836060e-02        -6.5906250326566357e-02
15                                     0.0000000000000000e+00         0.0000000000000000e+00         0.0000000000000000e+00         0.0000000000000000e+00         0.0000000000000000e+00         0.0000000000000000e+00         1.6212509726448412e-07         4.1037000638292701e-08
16                                     0.0000000000000000e+00         0.0000000000000000e+00         0.0000000000000000e+00         0.0000000000000000e+00         0.0000000000000000e+00         0.0000000000000000e+00         2.5007305314346117e-06        -5.1205376461679493e-05
17                                     0.0000000000000000e+00         0.0000000000000000e+00         0.0000000000000000e+00         0.0000000000000000e+00         0.0000000000000000e+00         0.0000000000000000e+00         5.0058312078111719e-02         1.3364126678343485e-01
                                                         8                           9                          10                          11                          12                          13                          14                          15

0                                      2.3849483903358498e-01         1.6863241530463199e-04        -8.5035533828491127e-04         2.5934914376410351e-02        -8.9815047604318792e-08        -1.6676507142226418e-06        -9.1479643910567149e-02         3.8478728614656290e-08
1                                     -1.6863097469626683e-04         2.3849576743548262e-01        -2.5935440335760347e-02        -8.5040526135189459e-04        -1.6035045197962335e-05         9.1472551560929385e-02        -1.6644249844420617e-06        -2.8928198399412138e-05
2                                     -7.5214572484061373e-07        -5.4653120505101727e-05        -5.5140091877056933e-06        -2.6529506697924830e-07        -3.9041292707993010e-02        -8.9748896876486767e-07         2.6003470129428464e-07        -4.7120136342839684e-03
3                                      2.4822753670376660e-01         1.7556466939080555e-04         1.5970325632045912e-03        -4.8669601491530871e-02         1.7097341323133182e-06         1.8359671546561833e-05         7.6630838451542893e-01         6.3478746241964442e-10
4                                     -1.7213037383929418e-04         2.4339504546613097e-01         1.5106308839977987e-02         4.9544853737634232e-04         2.4825587699995693e-02         5.4459578683387279e-02        -5.3528888790261039e-06        -5.7430274528412506e-01
5                                     -3.0082263960581306e-05         4.1617585484292098e-02         8.0691576345626326e-01         2.6453243998684425e-02         5.6514165504527092e-01         6.8546683050141236e-02        -4.0846873319709377e-06         2.3848034687706372e-02
6                                      2.4458773880992751e-01         2.2864153073704446e-03         1.5318246711203808e-02        -2.3016162606472358e-02         2.1561292794946497e-02        -3.5551441285581376e-01         1.5070381363785607e-01        -4.9754337460863535e-01
7                                      1.9260290434255428e-03         2.4700066393037978e-01         4.0755239313121937e-02        -1.3216593367561758e-02        -1.2356317033417217e-02        -5.6104518189635322e-01         3.5543742215967083e-01         2.8737392117432203e-01
8                                      3.6059921328027905e-02        -2.0790521004238324e-02        -3.8044234615928518e-01        -7.1197103107613324e-01         5.6531249790558513e-01        -3.4150359721134255e-02        -5.9286971900431092e-02         2.3863650843237039e-02
9                                      2.4459044792118662e-01        -1.9405809063190367e-03        -1.3779019608336622e-02        -2.3964973766832227e-02        -2.1557455473688349e-02         3.5551547799534289e-01         1.5068395296157347e-01         4.9754285850257407e-01
10                                    -2.2752814846260867e-03         2.4699760689807732e-01         3.9799818578997170e-02         1.5857636427096679e-02        -1.2356075785991100e-02        -5.6106576685080745e-01        -3.5541264331134020e-01         2.8737362246749792e-01
11                                    -3.6032394868730416e-02        -2.0840922895997108e-02        -4.2625691155856188e-01         6.8552408606627491e-01         5.6531354306224135e-01        -3.4150114618983061e-02         5.9287821420467485e-02         2.3860130556990964e-02
12                                    -2.2811159183768186e-02        -1.6130477485071863e-05         1.5676379788790782e-04        -4.7816243780407618e-03        -3.0784588425955421e-08         4.4070890555460000e-09        -2.7277311149170919e-05         8.8652080161088813e-09
13                                     1.6129713469495290e-05        -2.2811153275841455e-02         4.7815933809866179e-03         1.5676650056236179e-04         3.3412235875013788e-08         2.7560952073034824e-05        -7.9056885804650940e-09        -6.3530781026332607e-07
14                                    -2.2794491977056025e-08         6.7751570905851276e-05        -8.9268709619171525e-07        -2.1775897666864130e-09        -9.7207159578046980e-03        -3.9868481653298929e-06         1.0617821004113198e-09        -1.4146324119789454e-04
15                                    -5.0355537248516984e-02        -3.5601755907044553e-05        -1.5437788696314012e-04         4.7094315008080036e-03        -5.7906938245865174e-08         2.7590542027096836e-09         6.9680252297024420e-04        -1.8359605272769997e-08
16                                     3.5602527527271617e-05        -5.0355512333308733e-02        -4.7094856552045584e-03        -1.5437365894343621e-04         2.1387992721141687e-06        -6.9631218358600863e-04         2.9382728640983648e-08        -1.4142402488210352e-06
17                                     3.7885519731579076e-07        -1.3378113563647240e-04        -2.2757826131490971e-06        -8.4306892648076906e-08        -1.3079955598592574e-02         2.2889608413848106e-06         1.4931161497606157e-09        -1.1974958067134904e-04
                                                        16                          17

0                                     -4.7511089921583617e-07        -9.2934979065749435e-02
1                                      9.2939116064080729e-02        -4.8224387100967155e-07
2                                     -1.2849518536159583e-06         3.2350963140032090e-07
3                                     -4.3391223302833054e-06        -3.6694623510838027e-02
4                                     -7.6833251674154568e-01         7.8497642634637068e-06
5                                      3.5882184482955597e-02        -2.3691511340776385e-07
6                                      3.4840118104338536e-01         5.6697068686828211e-01
7                                     -1.6449363828793501e-01        -3.4853063576473575e-01
8                                     -1.7933519228892109e-02        -3.1068842225990607e-02
9                                     -3.4839118208641751e-01         5.6698234379336387e-01
10                                    -1.6448285500556090e-01         3.4852842915516152e-01
11                                    -1.7930456590960653e-02         3.1065276712044790e-02
12                                    -6.8136784880834441e-09         3.4351365254587240e-05
13                                    -3.4336067605399013e-05         5.6197038654352439e-09
14                                    -2.1776561364381334e-08        -5.0276338302565361e-11
15                                     1.5396626714274345e-08         2.1044439305167590e-04
16                                    -2.1044168698505084e-04        -9.7335382329828125e-09
17                                    -3.3306869400601985e-08        -1.3767131578565435e-09
$End
$THERMOCHEMISTRY_Energies
   &GeometryIndex 1
   &temperature [&Type "Double"]       2.9814999999999998e+02
   &pressure [&Type "Double"]       1.0000000000000000e+00
   &totalMass [&Type "Double"]       1.3038800000000001e+02
   &spinDegeneracy [&Type "Integer"] 1
   &elEnergy [&Type "Double"]      -1.2538914668240000e+01
   &transEnergy [&Type "Double"]       1.4162714244859817e-03
   &rotEnergy [&Type "Double"]       1.4162714244859817e-03
   &vibEnergy [&Type "Double"]       1.9350253834735020e-03
   &numOfFreqs [&Type "Integer"] 18
   &freqScalingFactor [&Type "Double"]       1.0000000000000000e+00
   &FREQ [&Type "ArrayOfDoubles", &Units "cm^-1", &Dim (18,1)] 
                                                         0

0                                      0.0000000000000000e+00
1                                      0.0000000000000000e+00
2                                      0.0000000000000000e+00
3                                      0.0000000000000000e+00
4                                      0.0000000000000000e+00
5                                      0.0000000000000000e+00
6                                     -3.2118950432329797e+02
7                                      1.4702853795359272e+02
8                                      1.9273899614459165e+02
9                                      1.9275031413108067e+02
10                                     9.5728606979894460e+02
11                                     9.5728657166328401e+02
12                                     9.9391059385318454e+02
13                                     1.3606858543357296e+03
14                                     1.3607917862917898e+03
15                                     2.9559691791748473e+03
16                                     3.0406742913762964e+03
17                                     3.0407158735445623e+03
   &zpe [&Type "Double"]       3.4627779061339098e-02
   &innerEnergyU [&Type "Double"]      -1.2499519320946218e+01
   &enthalpyH [&Type "Double"]      -1.2498575111903959e+01
   &qEl [&Type "Double"]       0.0000000000000000e+00
   &qRot [&Type "Double"]       1.1107109440825637e-02
   &qVib [&Type "Double"]       3.5310970787767355e-03
   &qTrans [&Type "Double"]       1.9247041860113716e-02
   &entropyS [&Type "Double"]       3.3885248379716085e-02
   &freeEnergyG [&Type "Double"]      -1.2532460360283675e+01
   &isLinear [&Type "Boolean"] false
$End
$Geometry
   &GeometryIndex 2
   &NAtoms [&Type "Integer"] 6
   &NCorelessECP [&Type "Integer"] 0
   &NGhostAtoms [&Type "Integer"] 0
   &CartesianCoordinates [&Type "Coordinates", &Dim(6,4), &Units "Bohr"] 
              C     -0.000000059219    0.000003294504    0.060243455481
              H     -0.000000015578    2.034162864285   -0.019913688572
              H      1.761639693898   -1.017068333557   -0.019907378333
              H     -1.761639684307   -1.017068310032   -0.019907192804
              Br    -0.000000002478   -0.000016274338    4.535164380145
              Cl     0.000000067685   -0.000013240861   -4.495692970923
$End
$Single_Point_Data
   &GeometryIndex 2
   &FinalEnergy [&Type "Double"]      -1.2541595451799999e+01  "Final single point energy"
   &Converged [&Type "Boolean"] true
$End
$Geometry
   &GeometryIndex 3
   &NAtoms [&Type "Integer"] 6
   &NCorelessECP [&Type "Integer"] 0
   &NGhostAtoms [&Type "Integer"] 0
   &CartesianCoordinates [&Type "Coordinates", &Dim(6,4), &Units "Bohr"] 
              C      0.000000019695    0.000006324414    0.046066022739
              H      0.000000051238    2.025088122592   -0.044839999236
              H      1.753777202760   -1.012525744328   -0.044837709241
              H     -1.753777134387   -1.012525764020   -0.044837862802
              Br    -0.000000037420   -0.000022209346    4.489367020086
              Cl    -0.000000101885   -0.000020729311   -4.360930866553
$End
$Single_Point_Data
   &GeometryIndex 3
   &FinalEnergy [&Type "Double"]      -1.2543132825920001e+01  "Final single point energy"
   &Converged [&Type "Boolean"] true
$End
$Geometry
   &GeometryIndex 4
   &NAtoms [&Type "Integer"] 6
   &NCorelessECP [&Type "Integer"] 0
   &NGhostAtoms [&Type "Integer"] 0
   &CartesianCoordinates [&Type "Coordinates", &Dim(6,4), &Units "Bohr"] 
              C     -0.000000074379   -0.000002583307    0.022273713358
              H     -0.000000017232    2.019456527982   -0.062334090883
              H      1.748902857805   -1.009733761488   -0.062327155700
              H     -1.748902899563   -1.009733765700   -0.062327164882
              Br     0.000000066760    0.000004099084    4.479647093381
              Cl     0.000000066609    0.000009483430   -4.274945790280
$End
$Single_Point_Data
   &GeometryIndex 4
   &FinalEnergy [&Type "Double"]      -1.2543379097000001e+01  "Final single point energy"
   &Converged [&Type "Boolean"] true
$End
$Geometry
   &GeometryIndex 5
   &NAtoms [&Type "Integer"] 6
   &NCorelessECP [&Type "Integer"] 0
   &NGhostAtoms [&Type "Integer"] 0
   &CartesianCoordinates [&Type "Coordinates", &Dim(6,4), &Units "Bohr"] 
              C     -0.000000139856   -0.000001882076   -0.002916751486
              H     -0.000000091697    2.017698001446   -0.063575674485
              H      1.747377886074   -1.008854483220   -0.063578286812
              H     -1.747378047889   -1.008854470764   -0.063578229244
              Br     0.000000179610    0.000005962184    4.485923722480
              Cl     0.000000213757    0.000006872429   -4.252288175459
$End
$Single_Point_Data
   &GeometryIndex 5
   &FinalEnergy [&Type "Double"]      -1.2543360424650000e+01  "Final single point energy"
   &Converged [&Type "Boolean"] true
$End
$Geometry
   &GeometryIndex 6
   &NAtoms [&Type "Integer"] 6
   &NCorelessECP [&Type "Integer"] 0
   &NGhostAtoms [&Type "Integer"] 0
   &CartesianCoordinates [&Type "Coordinates", &Dim(6,4), &Units "Bohr"] 
              C     -0.000000014131    0.000000515155   -0.001427207734
              H     -0.000000007760    2.017870570880   -0.061710619481
              H      1.747526721089   -1.008934220271   -0.061713069927
              H     -1.747526738563   -1.008934221402   -0.061713113222
              Br     0.000000028977   -0.000001508061    4.482615615076
              Cl     0.000000010388   -0.000001136301   -4.256064999718
$End
$Single_Point_Data
   &GeometryIndex 6
   &FinalEnergy [&Type "Double"]      -1.2543361311740000e+01  "Final single point energy"
   &Converged [&Type "Boolean"] true
$End
$Hessian
   &GeometryIndex 6
   &HESSIAN [&Type "ArrayOfDoubles", &Dim (18,18)] "The Hessian"
                                                         0                           1                           2                           3                           4                           5                           6                           7

0                                      5.8741972909999995e-01         1.1900000000000001e-08        -2.1167999999999998e-06        -4.1132698600000003e-02        -1.5067999999999999e-06         1.8169999999999999e-07        -2.6057565669999999e-01         1.2669698530000001e-01
1                                      1.1900000000000001e-08         5.8742211440000003e-01        -8.1819999999999995e-07        -1.4991000000000000e-06        -3.3371932910000002e-01         1.0277492399999999e-02         1.2670393899999999e-01        -1.1428770670000001e-01
2                                     -2.1167999999999998e-06        -8.1819999999999995e-07        -4.9213591299999998e-02         1.4320000000000001e-07         9.1345679999999992e-03        -3.4301304000000001e-03         7.9109417000000001e-03        -4.5676268999999999e-03
3                                     -4.1132698600000003e-02        -1.4991000000000000e-06         1.4320000000000001e-07         4.0752184900000002e-02         1.6469000000000001e-06        -4.6299999999999998e-08        -1.3356309999999999e-04         2.3605391300000000e-02
4                                     -1.5067999999999999e-06        -3.3371932910000002e-01         9.1345679999999992e-03         1.6469000000000001e-06         3.5898690389999999e-01        -9.3325414999999995e-03        -3.3738010000000001e-04        -1.3576388500000000e-02
5                                      1.8169999999999999e-07         1.0277492399999999e-02        -3.4301304000000001e-03        -4.6299999999999998e-08        -9.3325414999999995e-03         4.0416937399999998e-02        -1.9791049999999999e-04        -8.0665190000000001e-04
6                                     -2.6057565669999999e-01         1.2670393899999999e-01         7.9109417000000001e-03        -1.3356309999999999e-04        -3.3738010000000001e-04        -1.9791049999999999e-04         2.7940519920000001e-01        -1.3781708309999999e-01
7                                      1.2669698530000001e-01        -1.1428770670000001e-01        -4.5676268999999999e-03         2.3605391300000000e-02        -1.3576388500000000e-02        -8.0665190000000001e-04        -1.3781708309999999e-01         1.2032859600000000e-01
8                                      8.8997587999999992e-03        -5.1388277000000001e-03        -3.4301058000000000e-03        -7.9718119999999996e-04         2.3159250000000001e-04        -4.9365300000000004e-04        -8.0826249999999995e-03         4.6668667000000002e-03
9                                     -2.6057842310000001e-01        -1.2670244929999999e-01        -7.9092206000000009e-03        -1.3382090000000000e-04         3.3724050000000000e-04         1.9790159999999999e-04        -2.0255701500000001e-02        -1.1958836200000000e-02
10                                    -1.2669548429999999e-01        -1.1428505579999999e-01        -4.5666329000000000e-03        -2.3605549300000001e-02        -1.3576159100000000e-02        -8.0649230000000001e-04         1.1959109300000000e-02         6.5971498000000003e-03
11                                    -8.8980311000000003e-03        -5.1378904999999997e-03        -3.4300122000000001e-03         7.9718539999999998e-04         2.3158799999999999e-04        -4.9365879999999996e-04         5.9931489999999997e-04         5.7481069999999995e-04
12                                    -1.2556422899999999e-02         6.2000000000000001e-09         1.4030000000000001e-07         2.7590850000000001e-04         1.0000000000000001e-09        -1.3799999999999999e-08         8.1025430000000005e-04        -3.0848259999999999e-04
13                                    -2.8999999999999999e-09        -1.2554548200000000e-02         2.2999999999999999e-07         3.8600000000000002e-08         9.9855610000000009e-04         9.6965851999999998e-03        -2.9998029999999998e-04         4.4742289999999998e-04
14                                     1.1010000000000000e-07        -9.9852000000000006e-06         3.2335418099999999e-02        -5.8899999999999998e-08         3.7702969999999999e-04        -1.7861961700000002e-02         3.3532689999999998e-04        -1.7352850000000000e-04
15                                    -1.2576527800000001e-02        -8.5999999999999993e-09         1.1220000000000000e-07         3.7198910000000001e-04        -1.5000000000000000e-09        -1.1260000000000000e-07         7.4946799999999999e-04        -2.1797470000000001e-04
16                                    -3.2000000000000001e-09        -1.2575474700000000e-02         2.8000000000000002e-07        -2.8400000000000000e-08         8.8641670000000003e-04        -9.0283919000000001e-03        -2.0860480000000001e-04         4.9092649999999999e-04
17                                     9.7300000000000004e-08         1.0029200000000000e-05         2.7168421599999999e-02        -4.2200000000000001e-08        -6.4223670000000004e-04        -1.8137533500000001e-02        -5.6504790000000004e-04         3.0612990000000002e-04
                                                         8                           9                          10                          11                          12                          13                          14                          15

0                                      8.8997587999999992e-03        -2.6057842310000001e-01        -1.2669548429999999e-01        -8.8980311000000003e-03        -1.2556422899999999e-02        -2.8999999999999999e-09         1.1010000000000000e-07        -1.2576527800000001e-02
1                                     -5.1388277000000001e-03        -1.2670244929999999e-01        -1.1428505579999999e-01        -5.1378904999999997e-03         6.2000000000000001e-09        -1.2554548200000000e-02        -9.9852000000000006e-06        -8.5999999999999993e-09
2                                     -3.4301058000000000e-03        -7.9092206000000009e-03        -4.5666329000000000e-03        -3.4300122000000001e-03         1.4030000000000001e-07         2.2999999999999999e-07         3.2335418099999999e-02         1.1220000000000000e-07
3                                     -7.9718119999999996e-04        -1.3382090000000000e-04        -2.3605549300000001e-02         7.9718539999999998e-04         2.7590850000000001e-04         3.8600000000000002e-08        -5.8899999999999998e-08         3.7198910000000001e-04
4                                      2.3159250000000001e-04         3.3724050000000000e-04        -1.3576159100000000e-02         2.3158799999999999e-04         1.0000000000000001e-09         9.9855610000000009e-04         3.7702969999999999e-04        -1.5000000000000000e-09
5                                     -4.9365300000000004e-04         1.9790159999999999e-04        -8.0649230000000001e-04        -4.9365879999999996e-04        -1.3799999999999999e-08         9.6965851999999998e-03        -1.7861961700000002e-02        -1.1260000000000000e-07
6                                     -8.0826249999999995e-03        -2.0255701500000001e-02         1.1959109300000000e-02         5.9931489999999997e-04         8.1025430000000005e-04        -2.9998029999999998e-04         3.3532689999999998e-04         7.4946799999999999e-04
7                                      4.6668667000000002e-03        -1.1958836200000000e-02         6.5971498000000003e-03         5.7481069999999995e-04        -3.0848259999999999e-04         4.4742289999999998e-04        -1.7352850000000000e-04        -2.1797470000000001e-04
8                                      4.0414652600000003e-02        -5.9916609999999997e-04         5.7473409999999996e-04        -4.9132329999999999e-04         8.3967955999999996e-03        -4.8484562999999998e-03        -1.7861642000000000e-02        -7.8175820999999996e-03
9                                     -5.9916609999999997e-04         2.7940820490000001e-01         1.3781546670000000e-01         8.0810054000000006e-03         8.1020690000000004e-04         2.9994430000000001e-04        -3.3544739999999998e-04         7.4953369999999995e-04
10                                     5.7473409999999996e-04         1.3781546670000000e-01         1.2032572649999999e-01         4.6658170999999997e-03         3.0848170000000001e-04         4.4741669999999998e-04        -1.7352320000000001e-04         2.1797590000000001e-04
11                                    -4.9132329999999999e-04         8.0810054000000006e-03         4.6658170999999997e-03         4.0414542900000003e-02        -8.3969752999999998e-03        -4.8483522000000003e-03        -1.7861568000000001e-02         7.8175005999999991e-03
12                                     8.3967955999999996e-03         8.1020690000000004e-04         3.0848170000000001e-04        -8.3969752999999998e-03         8.5615385000000002e-03        -3.4999999999999999e-09         1.4740000000000001e-07         2.0985146999999999e-03
13                                    -4.8484562999999998e-03         2.9994430000000001e-04         4.4741669999999998e-04        -4.8483522000000003e-03        -3.4999999999999999e-09         8.5623203000000005e-03        -9.5519999999999993e-06         3.8000000000000001e-09
14                                    -1.7861642000000000e-02        -3.3544739999999998e-04        -1.7352320000000001e-04        -1.7861568000000001e-02         1.4740000000000001e-07        -9.5519999999999993e-06         4.6965265700000002e-02        -7.8100000000000005e-08
15                                    -7.8175820999999996e-03         7.4953369999999995e-04         2.1797590000000001e-04         7.8175005999999991e-03         2.0985146999999999e-03         3.8000000000000001e-09        -7.8100000000000005e-08         8.6070224000000008e-03
16                                     4.5140906999999999e-03         2.0863400000000000e-04         4.9092190000000005e-04         4.5140268000000002e-03        -2.7999999999999998e-09         2.0988322000000002e-03        -1.0440700000000000e-05         5.1000000000000002e-09
17                                    -1.8137928500000001e-02         5.6492700000000001e-04         3.0609719999999998e-04        -1.8137980700000000e-02        -9.4199999999999996e-08         9.5452999999999999e-06        -2.5715512199999999e-02         1.6000000000000000e-07
                                                        16                          17

0                                     -3.2000000000000001e-09         9.7300000000000004e-08
1                                     -1.2575474700000000e-02         1.0029200000000000e-05
2                                      2.8000000000000002e-07         2.7168421599999999e-02
3                                     -2.8400000000000000e-08        -4.2200000000000001e-08
4                                      8.8641670000000003e-04        -6.4223670000000004e-04
5                                     -9.0283919000000001e-03        -1.8137533500000001e-02
6                                     -2.0860480000000001e-04        -5.6504790000000004e-04
7                                      4.9092649999999999e-04         3.0612990000000002e-04
8                                      4.5140906999999999e-03        -1.8137928500000001e-02
9                                      2.0863400000000000e-04         5.6492700000000001e-04
10                                     4.9092190000000005e-04         3.0609719999999998e-04
11                                     4.5140268000000002e-03        -1.8137980700000000e-02
12                                    -2.7999999999999998e-09        -9.4199999999999996e-08
13                                     2.0988322000000002e-03         9.5452999999999999e-06
14                                    -1.0440700000000000e-05        -2.5715512199999999e-02
15                                     5.1000000000000002e-09         1.6000000000000000e-07
16                                     8.6083772999999992e-03         1.0435099999999999e-05
17                                     1.0435099999999999e-05         5.2960533300000001e-02
   &MODES [&Type "ArrayOfDoubles", &Dim (18,18)] "The modes of vibrations"
                                                         0                           1                           2                           3                           4                           5                           6                           7

0                                      0.0000000000000000e+00         0.0000000000000000e+00         0.0000000000000000e+00         0.0000000000000000e+00         0.0000000000000000e+00         0.0000000000000000e+00        -8.0050269466858770e-07        -1.3137008896149916e-06
1                                      0.0000000000000000e+00         0.0000000000000000e+00         0.0000000000000000e+00         0.0000000000000000e+00         0.0000000000000000e+00         0.0000000000000000e+00         5.4725372402296519e-06         2.8579195212383598e-03
2                                      0.0000000000000000e+00         0.0000000000000000e+00         0.0000000000000000e+00         0.0000000000000000e+00         0.0000000000000000e+00         0.0000000000000000e+00        -2.7402006938392631e-01         1.8563927716556242e-02
3                                      0.0000000000000000e+00         0.0000000000000000e+00         0.0000000000000000e+00         0.0000000000000000e+00         0.0000000000000000e+00         0.0000000000000000e+00        -7.0663411910408645e-09        -1.3605120063628379e-06
4                                      0.0000000000000000e+00         0.0000000000000000e+00         0.0000000000000000e+00         0.0000000000000000e+00         0.0000000000000000e+00         0.0000000000000000e+00         6.8211838497040846e-03         3.6195721504851380e-03
5                                      0.0000000000000000e+00         0.0000000000000000e+00         0.0000000000000000e+00         0.0000000000000000e+00         0.0000000000000000e+00         0.0000000000000000e+00         5.4985243681706956e-03         3.6585216850721129e-02
6                                      0.0000000000000000e+00         0.0000000000000000e+00         0.0000000000000000e+00         0.0000000000000000e+00         0.0000000000000000e+00         0.0000000000000000e+00         5.9060324212828206e-03         6.8849365211142506e-04
7                                      0.0000000000000000e+00         0.0000000000000000e+00         0.0000000000000000e+00         0.0000000000000000e+00         0.0000000000000000e+00         0.0000000000000000e+00        -3.3943783131475482e-03         2.6519287193860195e-03
8                                      0.0000000000000000e+00         0.0000000000000000e+00         0.0000000000000000e+00         0.0000000000000000e+00         0.0000000000000000e+00         0.0000000000000000e+00         5.4986335631167504e-03         3.6608272367199150e-02
9                                      0.0000000000000000e+00         0.0000000000000000e+00         0.0000000000000000e+00         0.0000000000000000e+00         0.0000000000000000e+00         0.0000000000000000e+00        -5.9057927554681446e-03        -6.9108040873475248e-04
10                                     0.0000000000000000e+00         0.0000000000000000e+00         0.0000000000000000e+00         0.0000000000000000e+00         0.0000000000000000e+00         0.0000000000000000e+00        -3.3942317745840247e-03         2.6520054637946757e-03
11                                     0.0000000000000000e+00         0.0000000000000000e+00         0.0000000000000000e+00         0.0000000000000000e+00         0.0000000000000000e+00         0.0000000000000000e+00         5.4985160819584593e-03         3.6608553358037060e-02
12                                     0.0000000000000000e+00         0.0000000000000000e+00         0.0000000000000000e+00         0.0000000000000000e+00         0.0000000000000000e+00         0.0000000000000000e+00         5.7642250897738842e-08         1.1919370747150131e-07
13                                     0.0000000000000000e+00         0.0000000000000000e+00         0.0000000000000000e+00         0.0000000000000000e+00         0.0000000000000000e+00         0.0000000000000000e+00        -6.0670936326240840e-07        -2.6326802393426748e-04
14                                     0.0000000000000000e+00         0.0000000000000000e+00         0.0000000000000000e+00         0.0000000000000000e+00         0.0000000000000000e+00         0.0000000000000000e+00         2.4029413421153747e-02        -6.4624315664274470e-02
15                                     0.0000000000000000e+00         0.0000000000000000e+00         0.0000000000000000e+00         0.0000000000000000e+00         0.0000000000000000e+00         0.0000000000000000e+00         1.3467863790422574e-07         2.8866755808813668e-07
16                                     0.0000000000000000e+00         0.0000000000000000e+00         0.0000000000000000e+00         0.0000000000000000e+00         0.0000000000000000e+00         0.0000000000000000e+00        -1.4128259593271115e-06        -6.2861395767864871e-04
17                                     0.0000000000000000e+00         0.0000000000000000e+00         0.0000000000000000e+00         0.0000000000000000e+00         0.0000000000000000e+00         0.0000000000000000e+00         3.8210511990940201e-02         1.3623194163696750e-01
                                                         8                           9                          10                          11                          12                          13                          14                          15

0                                      2.3839501976597249e-01         2.3066567157649427e-04        -6.5013352086138428e-08         1.0721597086916602e-02         1.3531026630787300e-07         3.9639315103442185e-06         9.3009395377082124e-02         4.1569168846274622e-08
1                                     -2.3063422267914174e-04         2.3837938131063055e-01        -5.3689472312493854e-06        -1.8232352290350707e-07         1.0725078482316125e-02        -9.2999749694827272e-02         3.9594530461041182e-06        -2.8001168699807143e-05
2                                     -3.7993533239367318e-07        -2.1551829279369981e-04        -1.1972809807825065e-02        -1.1097298042806213e-07        -2.1312821324068374e-06         2.5658504551327934e-06        -2.6104262708374309e-07        -3.5474638679747470e-03
3                                      2.4906028756509410e-01         2.4092612510227251e-04         1.9974832699006414e-06        -4.9866667105295560e-02        -1.9477196007656500e-06        -3.7006489810085623e-05        -7.6581717104761438e-01         2.2390647348895615e-09
4                                     -2.3374473877394995e-04         2.4154858565288079e-01         1.5456734853785084e-02         4.3719299726696856e-07        -1.6667341517692010e-02        -5.5310636697051239e-02         6.7001922134754399e-06        -5.7463179529722297e-01
5                                      1.0886981240957842e-06        -1.8523071256070641e-03         5.6706744930561293e-01         1.0151914001009358e-05        -8.0960331337413793e-01        -5.5690873841728203e-02         5.1456959059448894e-06         1.5348629986220660e-02
6                                      2.4343105471039719e-01         3.4867599747371528e-03         1.3399655358389211e-02        -2.4969058694742606e-02        -1.4398580456707003e-02         3.5566610851474051e-01        -1.4995951069360358e-01        -4.9782315373840597e-01
7                                      3.0110517091778942e-03         2.4715762415577383e-01        -7.7058722683693232e-03        -1.4375556808869405e-02        -4.1601175436118451e-02         5.6045467148257944e-01        -3.5560240486855721e-01         2.8753192989113191e-01
8                                     -1.2206208205778302e-03         2.6719108447443836e-04         5.6686807272268247e-01        -7.0122427333315096e-01         4.0493899590921084e-01         2.7814654136704045e-02         4.8170928570714484e-02         1.5360456605285115e-02
9                                      2.4343729289844415e-01        -3.0156211983280463e-03        -1.3395572093308043e-02        -2.4964333838270871e-02         1.4399068757206986e-02        -3.5567448466634127e-01        -1.4992218192558804e-01         4.9782257240684985e-01
10                                    -3.4892555427418455e-03         2.4715136877500568e-01        -7.7058212942016152e-03         1.4376372140980701e-02        -4.1598648318936893e-02         5.6049257064031544e-01         3.5555032684948207e-01         2.8753159167461001e-01
11                                     1.2188183451574775e-03         2.6982350862737094e-04         5.6686229871056848e-01         7.0122155513667828e-01         4.0495208233003782e-01         2.7812639719220243e-02        -4.8172782137508294e-02         1.5356946554921943e-02
12                                    -2.1910419720002329e-02        -2.1200696329988872e-05        -1.7557582075070012e-08        -3.7185562775855570e-03        -3.4081481622829041e-08        -1.0254813111303529e-08        -1.1116971442737379e-04         9.3507097428416085e-09
13                                     2.1196847309959874e-05        -2.1908868779839583e-02         7.1398117246333672e-07         3.9292748557033826e-08        -3.7183903489742039e-03         1.1064437836129717e-04         2.6961506387656869e-09        -5.9208628712836851e-07
14                                    -1.0280930212684950e-06         7.7597642740038033e-04        -9.5868225206818813e-03        -2.4229490537804855e-08        -2.0494859696076202e-06         4.8160005617222878e-06         6.9966630244509686e-10        -5.3910030133426289e-05
15                                    -5.2309708939616867e-02        -5.0612110830187227e-05        -1.1129292749885966e-07         7.5856487203775792e-03         7.2461941931974922e-08        -2.9495931543478394e-08        -9.5983226004135269e-04        -1.8691895299243074e-08
16                                     5.0606823384480582e-05        -5.2305885894709366e-02        -1.0707779885796873e-06        -6.2396640215406319e-08         7.5860032670541063e-03         9.5951850292647892e-04        -5.7303006690124569e-08        -1.4540475297644236e-06
17                                     2.4660119930997385e-06        -1.6383976380498118e-03        -2.2695164451541631e-02        -1.1915365432649004e-07        -2.8407814675082568e-06        -9.9153315377499216e-06        -6.7409383889422752e-09         1.3579626951352911e-05
                                                        16                          17

0                                      1.7440907447405452e-05         9.3151411692769123e-02
1                                     -9.3156816741640031e-02         1.7449987287319358e-05
2                                      8.9219197668063906e-07        -3.2032485432342246e-07
3                                      1.0918705156501885e-05         3.6028748885790426e-02
4                                      7.6863324042689873e-01        -1.4782711490110142e-04
5                                     -2.3380857572611338e-02         4.3701022497485314e-06
6                                     -3.4834681242913551e-01        -5.6730270043183839e-01
7                                      1.6514255703908653e-01         3.4834447902054666e-01
8                                      1.1689837783514958e-02         2.0242263107893357e-02
9                                      3.4813012171499658e-01        -5.6744113822295550e-01
10                                     1.6500484705351381e-01        -3.4840241957113255e-01
11                                     1.1679638742802301e-02        -2.0242830318395626e-02
12                                    -4.7370287003801703e-09        -6.2567879108299719e-05
13                                     6.2550618780653319e-05        -1.7644561505129163e-08
14                                     2.7854853653600076e-09        -1.4637904046426588e-10
15                                    -4.7557772356004753e-08        -1.7876122793392647e-04
16                                     1.7876743202578223e-04        -2.1667842859798493e-08
17                                     1.5045738071105713e-08         7.2779818773895206e-10
$End
$THERMOCHEMISTRY_Energies
   &GeometryIndex 6
   &temperature [&Type "Double"]       2.9814999999999998e+02
   &pressure [&Type "Double"]       1.0000000000000000e+00
   &totalMass [&Type "Double"]       1.3038800000000001e+02
   &spinDegeneracy [&Type "Integer"] 1
   &elEnergy [&Type "Double"]      -1.2543361311740000e+01
   &transEnergy [&Type "Double"]       1.4162714244859817e-03
   &rotEnergy [&Type "Double"]       1.4162714244859817e-03
   &vibEnergy [&Type "Double"]       1.7753917661893471e-03
   &numOfFreqs [&Type "Integer"] 18
   &freqScalingFactor [&Type "Double"]       1.0000000000000000e+00
   &FREQ [&Type "ArrayOfDoubles", &Units "cm^-1", &Dim (18,1)] 
                                                         0

0                                      0.0000000000000000e+00
1                                      0.0000000000000000e+00
2                                      0.0000000000000000e+00
3                                      0.0000000000000000e+00
4                                      0.0000000000000000e+00
5                                      0.0000000000000000e+00
6                                     -3.5197972680504699e+02
7                                      2.0105008701157459e+02
8                                      2.0741075638921851e+02
9                                      2.0742714974354175e+02
10                                     1.0276943538174201e+03
11                                     1.0318777250072626e+03
12                                     1.0319350613641745e+03
13                                     1.3322084548486937e+03
14                                     1.3323612835336914e+03
15                                     3.1239255873502643e+03
16                                     3.2146336848809187e+03
17                                     3.2147011634146756e+03
   &zpe [&Type "Double"]       3.6280332788321525e-02
   &innerEnergyU [&Type "Double"]      -1.2502473044336519e+01
   &enthalpyH [&Type "Double"]      -1.2501528835294259e+01
   &qEl [&Type "Double"]       0.0000000000000000e+00
   &qRot [&Type "Double"]       1.0995924481193279e-02
   &qVib [&Type "Double"]       3.1172673725248490e-03
   &qTrans [&Type "Double"]       1.9247041860113716e-02
   &entropyS [&Type "Double"]       3.3360233713831844e-02
   &freeEnergyG [&Type "Double"]      -1.2534889069008091e+01
   &isLinear [&Type "Boolean"] false
$End
$Geometry
   &GeometryIndex 7
   &NAtoms [&Type "Integer"] 6
   &NCorelessECP [&Type "Integer"] 0
   &NGhostAtoms [&Type "Integer"] 0
   &CartesianCoordinates [&Type "Coordinates", &Dim(6,4), &Units "Bohr"] 
              C      0.000000001544   -0.000000131006   -0.001112829742
              H      0.000000000299    2.017881361208   -0.061652038387
              H      1.747536557190   -1.008941029824   -0.061652509961
              H     -1.747536556471   -1.008941029758   -0.061652507224
              Br    -0.000000000462   -0.000000298462    4.482685741819
              Cl    -0.000000002101    0.000001127842   -4.256629251511
$End
$Single_Point_Data
   &GeometryIndex 7
   &FinalEnergy [&Type "Double"]      -1.2543361317030000e+01  "Final single point energy"
   &Converged [&Type "Boolean"] true
$End
$Hessian
   &GeometryIndex 7
   &HESSIAN [&Type "ArrayOfDoubles", &Dim (18,18)] "The Hessian"
                                                         0                           1                           2                           3                           4                           5                           6                           7

0                                      5.8736939010000000e-01         5.0000000000000001e-09        -2.1416000000000000e-06        -4.1132779500000001e-02        -1.5006000000000001e-06         1.8350000000000000e-07        -2.6055415720000002e-01         1.2668458140000000e-01
1                                      5.0000000000000001e-09         5.8737252979999999e-01        -1.1627999999999999e-06        -1.4971000000000000e-06        -3.3369054430000000e-01         1.0315012500000000e-02         1.2669112090000001e-01        -1.1428113500000001e-01
2                                     -2.1416000000000000e-06        -1.1627999999999999e-06        -4.9196139500000000e-02         1.5130000000000001e-07         9.1721210000000001e-03        -3.4404601999999999e-03         7.9431859000000000e-03        -4.5862313999999998e-03
3                                     -4.1132779500000001e-02        -1.4971000000000000e-06         1.5130000000000001e-07         4.0752352100000000e-02         1.6383000000000001e-06        -4.8000000000000000e-08        -1.3322719999999999e-04         2.3605295100000000e-02
4                                     -1.5006000000000001e-06        -3.3369054430000000e-01         9.1721210000000001e-03         1.6383000000000001e-06         3.5896172780000002e-01        -9.3769903000000005e-03        -3.3696479999999998e-04        -1.3576903899999999e-02
5                                      1.8350000000000000e-07         1.0315012500000000e-02        -3.4404601999999999e-03        -4.8000000000000000e-08        -9.3769903000000005e-03         4.0407033699999997e-02        -1.9858410000000000e-04        -8.1042129999999997e-04
6                                     -2.6055415720000002e-01         1.2669112090000001e-01         7.9431859000000000e-03        -1.3322719999999999e-04        -3.3696479999999998e-04        -1.9858410000000000e-04         2.7938665120000000e-01        -1.3780536350000000e-01
7                                      1.2668458140000000e-01        -1.1428113500000001e-01        -4.5862313999999998e-03         2.3605295100000000e-02        -1.3576903899999999e-02        -8.1042129999999997e-04        -1.3780536350000000e-01         1.2032304290000000e-01
8                                      8.9320518000000002e-03        -5.1574237999999998e-03        -3.4405169000000001e-03        -8.0105629999999996e-04         2.3290299999999999e-04        -4.9234280000000005e-04        -8.1208659999999992e-03         4.6887778999999997e-03
9                                     -2.6055692530000002e-01        -1.2668962630000000e-01        -7.9414511999999996e-03        -1.3347180000000000e-04         3.3682400000000000e-04         1.9857469999999999e-04        -2.0256605399999999e-02        -1.1959000799999999e-02
10                                    -1.2668307979999999e-01        -1.1427848039999999e-01        -4.5852382000000002e-03        -2.3605446200000001e-02        -1.3576667100000000e-02        -8.1026030000000003e-04         1.1959281500000000e-02         6.5983361000000003e-03
11                                    -8.9303147000000006e-03        -5.1564825999999998e-03        -3.4404183999999999e-03         8.0105840000000003e-04         2.3289719999999999e-04        -4.9234910000000003e-04         6.0223649999999998e-04         5.7743189999999998e-04
12                                    -1.2557532200000001e-02         6.1000000000000000e-09         1.4079999999999999e-07         2.7521790000000000e-04         2.8999999999999999e-09        -1.3500000000000000e-08         8.0834120000000003e-04        -3.0777060000000000e-04
13                                    -3.0000000000000000e-09        -1.2555574900000000e-02         2.6969999999999999e-07         3.8400000000000000e-08         9.9637339999999997e-04         9.6997669999999998e-03        -2.9941380000000000e-04         4.4620990000000002e-04
14                                     1.1899999999999999e-07        -9.9528999999999992e-06         3.2341267200000003e-02        -5.2000000000000002e-08         3.7844220000000001e-04        -1.7861774699999999e-02         3.3656350000000002e-04        -1.7425700000000001e-04
15                                    -1.2567995900000000e-02        -8.5999999999999993e-09         1.1470000000000000e-07         3.7190850000000001e-04         2.0000000000000001e-10        -1.1260000000000000e-07         7.4899739999999997e-04        -2.1774159999999999e-04
16                                    -3.2000000000000001e-09        -1.2566795200000000e-02         2.4170000000000000e-07        -2.8600000000000001e-08         8.8601410000000000e-04        -9.0171075999999992e-03        -2.0866029999999999e-04         4.9045000000000002e-04
17                                     1.0190000000000001e-07         1.0009399999999999e-05         2.7176267800000001e-02        -5.3300000000000001e-08        -6.3937300000000005e-04        -1.8120106899999999e-02        -5.6253569999999999e-04         3.0469990000000000e-04
                                                         8                           9                          10                          11                          12                          13                          14                          15

0                                      8.9320518000000002e-03        -2.6055692530000002e-01        -1.2668307979999999e-01        -8.9303147000000006e-03        -1.2557532200000001e-02        -3.0000000000000000e-09         1.1899999999999999e-07        -1.2567995900000000e-02
1                                     -5.1574237999999998e-03        -1.2668962630000000e-01        -1.1427848039999999e-01        -5.1564825999999998e-03         6.1000000000000000e-09        -1.2555574900000000e-02        -9.9528999999999992e-06        -8.5999999999999993e-09
2                                     -3.4405169000000001e-03        -7.9414511999999996e-03        -4.5852382000000002e-03        -3.4404183999999999e-03         1.4079999999999999e-07         2.6969999999999999e-07         3.2341267200000003e-02         1.1470000000000000e-07
3                                     -8.0105629999999996e-04        -1.3347180000000000e-04        -2.3605446200000001e-02         8.0105840000000003e-04         2.7521790000000000e-04         3.8400000000000000e-08        -5.2000000000000002e-08         3.7190850000000001e-04
4                                      2.3290299999999999e-04         3.3682400000000000e-04        -1.3576667100000000e-02         2.3289719999999999e-04         2.8999999999999999e-09         9.9637339999999997e-04         3.7844220000000001e-04         2.0000000000000001e-10
5                                     -4.9234280000000005e-04         1.9857469999999999e-04        -8.1026030000000003e-04        -4.9234910000000003e-04        -1.3500000000000000e-08         9.6997669999999998e-03        -1.7861774699999999e-02        -1.1260000000000000e-07
6                                     -8.1208659999999992e-03        -2.0256605399999999e-02         1.1959281500000000e-02         6.0223649999999998e-04         8.0834120000000003e-04        -2.9941380000000000e-04         3.3656350000000002e-04         7.4899739999999997e-04
7                                      4.6887778999999997e-03        -1.1959000799999999e-02         6.5983361000000003e-03         5.7743189999999998e-04        -3.0777060000000000e-04         4.4620990000000002e-04        -1.7425700000000001e-04        -2.1774159999999999e-04
8                                      4.0404684900000001e-02        -6.0208889999999995e-04         5.7735550000000005e-04        -4.9000569999999998e-04         8.3996528000000008e-03        -4.8500662999999998e-03        -1.7861450000000001e-02        -7.8076934000000002e-03
9                                     -6.0208889999999995e-04         2.7938965210000000e-01         1.3780373570000001e-01         8.1192411000000006e-03         8.0829000000000003e-04         2.9937779999999998e-04        -3.3668769999999998e-04         7.4906050000000002e-04
10                                     5.7735550000000005e-04         1.3780373570000001e-01         1.2032016220000000e-01         4.6877263999999998e-03         3.0776760000000001e-04         4.4620359999999998e-04        -1.7426179999999999e-04         2.1774110000000001e-04
11                                    -4.9000569999999998e-04         8.1192411000000006e-03         4.6877263999999998e-03         4.0404575700000001e-02        -8.3998328999999993e-03        -4.8499627000000000e-03        -1.7861378399999999e-02         7.8076116999999997e-03
12                                     8.3996528000000008e-03         8.0829000000000003e-04         3.0776760000000001e-04        -8.3998328999999993e-03         8.5659155999999997e-03        -3.3000000000000002e-09         1.4189999999999999e-07         2.0997674999999999e-03
13                                    -4.8500662999999998e-03         2.9937779999999998e-04         4.4620359999999998e-04        -4.8499627000000000e-03        -3.3000000000000002e-09         8.5666640999999995e-03        -9.5395999999999993e-06         3.8000000000000001e-09
14                                    -1.7861450000000001e-02        -3.3668769999999998e-04        -1.7426179999999999e-04        -1.7861378399999999e-02         1.4189999999999999e-07        -9.5395999999999993e-06         4.6948662500000002e-02        -8.4600000000000003e-08
15                                    -7.8076934000000002e-03         7.4906050000000002e-04         2.1774110000000001e-04         7.8076116999999997e-03         2.0997674999999999e-03         3.8000000000000001e-09        -8.4600000000000003e-08         8.5982620000000006e-03
16                                     4.5084536000000001e-03         2.0868960000000001e-04         4.9044560000000004e-04         4.5083898000000001e-03        -2.7999999999999998e-09         2.1001239000000001e-03        -1.0430900000000000e-05         5.1000000000000002e-09
17                                    -1.8120369500000000e-02         5.6241199999999998e-04         3.0467850000000002e-04        -1.8120424100000001e-02        -8.9099999999999997e-08         9.5318000000000008e-06        -2.5705326700000000e-02         1.6430000000000001e-07
                                                        16                          17

0                                     -3.2000000000000001e-09         1.0190000000000001e-07
1                                     -1.2566795200000000e-02         1.0009399999999999e-05
2                                      2.4170000000000000e-07         2.7176267800000001e-02
3                                     -2.8600000000000001e-08        -5.3300000000000001e-08
4                                      8.8601410000000000e-04        -6.3937300000000005e-04
5                                     -9.0171075999999992e-03        -1.8120106899999999e-02
6                                     -2.0866029999999999e-04        -5.6253569999999999e-04
7                                      4.9045000000000002e-04         3.0469990000000000e-04
8                                      4.5084536000000001e-03        -1.8120369500000000e-02
9                                      2.0868960000000001e-04         5.6241199999999998e-04
10                                     4.9044560000000004e-04         3.0467850000000002e-04
11                                     4.5083898000000001e-03        -1.8120424100000001e-02
12                                    -2.7999999999999998e-09        -8.9099999999999997e-08
13                                     2.1001239000000001e-03         9.5318000000000008e-06
14                                    -1.0430900000000000e-05        -2.5705326700000000e-02
15                                     5.1000000000000002e-09         1.6430000000000001e-07
16                                     8.5997615000000006e-03         1.0453400000000001e-05
17                                     1.0453400000000001e-05         5.2889959399999999e-02
   &MODES [&Type "ArrayOfDoubles", &Dim (18,18)] "The modes of vibrations"
                                                         0                           1                           2                           3                           4                           5                           6                           7

0                                      0.0000000000000000e+00         0.0000000000000000e+00         0.0000000000000000e+00         0.0000000000000000e+00         0.0000000000000000e+00         0.0000000000000000e+00        -8.1111114015705793e-07         1.6489815352760142e-07
1                                      0.0000000000000000e+00         0.0000000000000000e+00         0.0000000000000000e+00         0.0000000000000000e+00         0.0000000000000000e+00         0.0000000000000000e+00         5.4796645950804993e-06         2.8314072314029937e-03
2                                      0.0000000000000000e+00         0.0000000000000000e+00         0.0000000000000000e+00         0.0000000000000000e+00         0.0000000000000000e+00         0.0000000000000000e+00        -2.7401787081721624e-01         1.8574673555724532e-02
3                                      0.0000000000000000e+00         0.0000000000000000e+00         0.0000000000000000e+00         0.0000000000000000e+00         0.0000000000000000e+00         0.0000000000000000e+00         2.4412017300217861e-08         2.1468354366837896e-07
4                                      0.0000000000000000e+00         0.0000000000000000e+00         0.0000000000000000e+00         0.0000000000000000e+00         0.0000000000000000e+00         0.0000000000000000e+00         6.8476535120789899e-03         3.5927542014654382e-03
5                                      0.0000000000000000e+00         0.0000000000000000e+00         0.0000000000000000e+00         0.0000000000000000e+00         0.0000000000000000e+00         0.0000000000000000e+00         5.4347318047910246e-03         3.6537504672835168e-02
6                                      0.0000000000000000e+00         0.0000000000000000e+00         0.0000000000000000e+00         0.0000000000000000e+00         0.0000000000000000e+00         0.0000000000000000e+00         5.9287576212424618e-03         6.8960599710198543e-04
7                                      0.0000000000000000e+00         0.0000000000000000e+00         0.0000000000000000e+00         0.0000000000000000e+00         0.0000000000000000e+00         0.0000000000000000e+00        -3.4073471658410291e-03         2.6243755524384604e-03
8                                      0.0000000000000000e+00         0.0000000000000000e+00         0.0000000000000000e+00         0.0000000000000000e+00         0.0000000000000000e+00         0.0000000000000000e+00         5.4341447359880580e-03         3.6557957808064270e-02
9                                      0.0000000000000000e+00         0.0000000000000000e+00         0.0000000000000000e+00         0.0000000000000000e+00         0.0000000000000000e+00         0.0000000000000000e+00        -5.9285075637833954e-03        -6.8915887097342526e-04
10                                     0.0000000000000000e+00         0.0000000000000000e+00         0.0000000000000000e+00         0.0000000000000000e+00         0.0000000000000000e+00         0.0000000000000000e+00        -3.4072309865318643e-03         2.6243858697839141e-03
11                                     0.0000000000000000e+00         0.0000000000000000e+00         0.0000000000000000e+00         0.0000000000000000e+00         0.0000000000000000e+00         0.0000000000000000e+00         5.4340517796176947e-03         3.6558254136870812e-02
12                                     0.0000000000000000e+00         0.0000000000000000e+00         0.0000000000000000e+00         0.0000000000000000e+00         0.0000000000000000e+00         0.0000000000000000e+00         5.7932612373147906e-08        -1.6836280874641062e-08
13                                     0.0000000000000000e+00         0.0000000000000000e+00         0.0000000000000000e+00         0.0000000000000000e+00         0.0000000000000000e+00         0.0000000000000000e+00        -5.9758237525888082e-07        -2.6084903090831368e-04
14                                     0.0000000000000000e+00         0.0000000000000000e+00         0.0000000000000000e+00         0.0000000000000000e+00         0.0000000000000000e+00         0.0000000000000000e+00         2.4028230936594539e-02        -6.4624416485670744e-02
15                                     0.0000000000000000e+00         0.0000000000000000e+00         0.0000000000000000e+00         0.0000000000000000e+00         0.0000000000000000e+00         0.0000000000000000e+00         1.3642780423785425e-07        -3.6738133013816584e-08
16                                     0.0000000000000000e+00         0.0000000000000000e+00         0.0000000000000000e+00         0.0000000000000000e+00         0.0000000000000000e+00         0.0000000000000000e+00        -1.4500714256084209e-06        -6.2275244508178259e-04
17                                     0.0000000000000000e+00         0.0000000000000000e+00         0.0000000000000000e+00         0.0000000000000000e+00         0.0000000000000000e+00         0.0000000000000000e+00         3.8217912244513014e-02         1.3623274551593867e-01
                                                         8                           9                          10                          11                          12                          13                          14                          15

0                                     -2.3839644827077605e-01         2.3061796118937315e-04         9.6301274727496665e-08         1.0789053000959092e-02        -1.6697624746306663e-06        -1.2776649222446819e-06        -9.3003666815812625e-02        -3.7625567056937030e-09
1                                      2.3060481928381809e-04         2.3838146228763180e-01         4.9481111498598467e-06        -1.7142022461084316e-06        -1.0789976996086810e-02         9.2993638747827789e-02        -1.2734103249923805e-06         2.8190278190155200e-05
2                                      5.0367159001582650e-07        -2.1352508969398127e-04         1.2002057106328063e-02        -1.2931096376090845e-07         1.6807461060124755e-06        -2.6072393304069815e-06         2.7555670379604444e-07         3.5622982415734515e-03
3                                     -2.4906152755294544e-01         2.4089564428218774e-04        -2.1766002731081027e-06        -5.0013849678043627e-02         9.0588232065702566e-06         1.4892729843881849e-05         7.6580787924952332e-01        -3.1542064363275437e-08
4                                      2.3371698249233927e-04         2.4155149070472454e-01        -1.5530454308207126e-02         2.8444534001007114e-06         1.6727286752312866e-02         5.5314178568459167e-02        -5.0730103204583597e-06         5.7462801015030307e-01
5                                     -7.5179679333088459e-07        -1.7363224210019247e-03        -5.6702798137555555e-01         1.2615953508413632e-04         8.0961701552909193e-01         5.5870378232566360e-02        -3.6171868803545241e-06        -1.5421720959604122e-02
6                                     -2.4343185077931265e-01         3.4843261222301325e-03        -1.3463561359161182e-02        -2.5045851142422661e-02         1.4434204803485026e-02        -3.5566880862668432e-01         1.4994177680358003e-01         4.9782156403322758e-01
7                                     -3.0088278059736701e-03         2.4715617191879333e-01         7.7444008816161224e-03        -1.4409025413766490e-02         4.1715602008490345e-02        -5.6045849955742144e-01         3.5558517244557308e-01        -2.8753103998144608e-01
8                                      1.1226965512252487e-03         2.1624595692646179e-04        -5.6689185076716164e-01        -7.0126657363028566e-01        -4.0480300133951769e-01        -2.7902127086228929e-02        -4.8342127172173933e-02        -1.5433127482690372e-02
9                                     -2.4343808529584302e-01        -3.0133073600177181e-03         1.3459341958289062e-02        -2.5045256161103223e-02        -1.4427581059400349e-02         3.5566852024210277e-01         1.4992494464405642e-01        -4.9782141650775408e-01
10                                     3.4869624853371209e-03         2.4714995888201538e-01         7.7444781274872681e-03         1.4421656088745105e-02         4.1708966183967085e-02        -5.6047586191347876e-01        -3.5556549439685781e-01        -2.8753091838727546e-01
11                                    -1.1205334245579508e-03         2.1868451871219496e-04        -5.6688350889118455e-01         7.0115095003321637e-01        -4.0501522605560936e-01        -2.7902904086585238e-02         4.8342254525094545e-02        -1.5429627710003673e-02
12                                     2.1912722047677913e-02        -2.1198393794304460e-05         1.0635813569589818e-08        -3.7213983628056994e-03         5.6263187457623368e-07         7.0431025765075654e-09         1.1047512386725862e-04        -9.2537252304410090e-09
13                                    -2.1196240869589643e-05        -2.1911210344499162e-02        -5.1759434497679771e-07         5.6766349950765133e-07         3.7211734037736967e-03        -1.0994949471901691e-04        -5.9519656902433980e-09         5.9210359522338221e-07
14                                     6.1872402886793076e-07         7.6877940025205506e-04         9.5896849299502984e-03        -4.2131126836789939e-08         1.5682697496108748e-06        -4.8175376481040362e-06         1.3256312636058552e-09         5.4145287272416322e-05
15                                     5.2305084588270441e-02        -5.0596857513525202e-05         1.2525577636387601e-07         7.5778695803197967e-03        -1.1481904923545194e-06         1.7518816689289888e-09         9.6014673581909364e-04         1.8832071722013861e-08
16                                    -5.0595473276967590e-05        -5.2301314965978611e-02         6.7221184778283133e-07        -1.1385767026327768e-06        -7.5783829590118888e-03        -9.5948117243815380e-04         2.9577603311717049e-08         1.4531152671218716e-06
17                                    -1.6051750172676633e-06        -1.6232482765040691e-03         2.2678961835529799e-02        -1.6079864887811228e-07         1.6170526186897290e-06         9.8825761839842554e-06         2.8805213712282023e-09        -1.2924736160219028e-05
                                                        16                          17

0                                      4.6763536606871867e-06         9.3150112929492046e-02
1                                      9.3155333022869893e-02        -4.6688751598837794e-06
2                                     -9.6242849505890099e-07        -3.2338125759207940e-07
3                                     -2.3613201932297471e-06         3.6029466816567109e-02
4                                     -7.6863229391982435e-01         3.4463813968726770e-05
5                                      2.3490612867202471e-02        -1.1811141242847445e-06
6                                      3.4821158160264792e-01        -5.6738375736217972e-01
7                                     -1.6505652092852180e-01         3.4838330218117308e-01
8                                     -1.1739495781054368e-02         2.0339133639758269e-02
9                                     -3.4826432073681357e-01        -5.6735646580330779e-01
10                                    -1.6508424246728765e-01        -3.4836264174025688e-01
11                                    -1.1738909477524170e-02        -2.0334122307464786e-02
12                                    -1.0110738846345464e-08        -6.2435958763238568e-05
13                                    -6.2423505183441583e-05        -2.7965258392327256e-09
14                                    -2.6622075722872232e-09         4.4123979367793983e-11
15                                     5.1172597007996931e-09        -1.7874173952090374e-04
16                                    -1.7876696187556771e-04         2.0761375230594364e-08
17                                    -1.5029206379519185e-08         5.5698712199432899e-10
$End
$THERMOCHEMISTRY_Energies
   &GeometryIndex 7
   &temperature [&Type "Double"]       2.9814999999999998e+02
   &pressure [&Type "Double"]       1.0000000000000000e+00
   &totalMass [&Type "Double"]       1.3038800000000001e+02
   &spinDegeneracy [&Type "Integer"] 1
   &elEnergy [&Type "Double"]      -1.2543361317030000e+01
   &transEnergy [&Type "Double"]       1.4162714244859817e-03
   &rotEnergy [&Type "Double"]       1.4162714244859817e-03
   &vibEnergy [&Type "Double"]       1.7756081135512339e-03
   &numOfFreqs [&Type "Integer"] 18
   &freqScalingFactor [&Type "Double"]       1.0000000000000000e+00
   &FREQ [&Type "ArrayOfDoubles", &Units "cm^-1", &Dim (18,1)] 
                                                         0

0                                      0.0000000000000000e+00
1                                      0.0000000000000000e+00
2                                      0.0000000000000000e+00
3                                      0.0000000000000000e+00
4                                      0.0000000000000000e+00
5                                      0.0000000000000000e+00
6                                     -3.5195480102694160e+02
7                                      2.0097910634780885e+02
8                                      2.0739656444628520e+02
9                                      2.0741426766129956e+02
10                                     1.0275621833920534e+03
11                                     1.0316865101615008e+03
12                                     1.0317451558023545e+03
13                                     1.3322413661746430e+03
14                                     1.3323713226699138e+03
15                                     3.1238362967920093e+03
16                                     3.2145236698984927e+03
17                                     3.2145891178117131e+03
   &zpe [&Type "Double"]       3.6278328578998813e-02
   &innerEnergyU [&Type "Double"]      -1.2502474837488480e+01
   &enthalpyH [&Type "Double"]      -1.2501530628446220e+01
   &qEl [&Type "Double"]       0.0000000000000000e+00
   &qRot [&Type "Double"]       1.0996054323936945e-02
   &qVib [&Type "Double"]       3.1177601632881831e-03
   &qTrans [&Type "Double"]       1.9247041860113716e-02
   &entropyS [&Type "Double"]       3.3360856347338846e-02
   &freeEnergyG [&Type "Double"]      -1.2534891484793558e+01
   &isLinear [&Type "Boolean"] false
$End
$Calculation_Info
   &GeometryIndex 7
   &Mult [&Type "Integer"] 1
   &Charge [&Type "Integer"] -1
   &NumOfAtoms [&Type "Integer"] 6
   &NumOfElectrons [&Type "Integer"] 0
   &NumOfBasisFuncts [&Type "Integer"] 0
   &NumOfAuxCBasisFuncts [&Type "Integer"] 0
   &NumOfAuxJBasisFuncts [&Type "Integer"] 0
   &NumOfAuxJKBasisFuncts [&Type "Integer"] 0
   &NumOfCABSBasisFuncts [&Type "Integer"] 0
$End
$Calculation_Timings
   &GeometryIndex 7
   &GSTEP [&Type "Double"]       5.5672999999999917e-02
   &XTB [&Type "Double"]       1.3186520000000006e+00
   &XTBGRAD [&Type "Double"]       2.1469999999997880e-03
   &SUM [&Type "Double"]       1.3764720000000001e+00
$End
