*************************************************
******************* ORCA 6.1.0 ******************
*************************************************
$Calculation_Status
   &GeometryIndex 0
   &version [&Type "String"] "6.1.0"
   &progName [&Type "String"] "orca"
   &Status [&Type "String"] "NORMAL TERMINATION"
$End
$Geometry
   &GeometryIndex 1
   &NAtoms [&Type "Integer"] 6
   &NCorelessECP [&Type "Integer"] 0
   &NGhostAtoms [&Type "Integer"] 0
   &CartesianCoordinates [&Type "Coordinates", &Dim(6,4), &Units "Bohr"] 
              C      0.000000000000    0.000000000000    0.138327953003
              H      0.000000000000    2.050352855305    0.000000000000
              H      1.775658485025   -1.025176427652    0.000000000000
              H     -1.775658485025   -1.025176427652    0.000000000000
              Cl     0.000000000000    0.000000000000    4.847525478735
              I      0.000000000000    0.000000000000   -4.916689455236
$End
$Single_Point_Data
   &GeometryIndex 1
   &FinalEnergy [&Type "Double"]      -1.2261014823780000e+01  "Final single point energy"
   &Converged [&Type "Boolean"] true
$End
$Hessian
   &GeometryIndex 1
   &HESSIAN [&Type "ArrayOfDoubles", &Dim (18,18)] "The Hessian"
                                                         0                           1                           2                           3                           4                           5                           6                           7

0                                      5.2885075029999995e-01        -1.3000000000000001e-09        -1.9184000000000001e-06        -4.5282867700000000e-02        -1.2385000000000001e-06         2.2980000000000001e-07        -2.3137394759999999e-01         1.0744104800000000e-01
1                                     -1.3000000000000001e-09         5.2885362199999997e-01         4.7899999999999999e-06        -1.2283000000000000e-06        -2.9340820590000000e-01         1.9593971200000001e-02         1.0744583800000000e-01        -1.0731574560000000e-01
2                                     -1.9184000000000001e-06         4.7899999999999999e-06        -3.0515394400000000e-02         2.3960000000000000e-07         1.5181882799999999e-02        -1.0476769299999999e-02         1.3141939100000000e-02        -7.6004358000000003e-03
3                                     -4.5282867700000000e-02        -1.2283000000000000e-06         2.3960000000000000e-07         4.3001621099999998e-02         1.3881999999999999e-06        -1.0719999999999999e-07         1.0148696000000000e-03         2.4241049000000001e-02
4                                     -1.2385000000000001e-06        -2.9340820590000000e-01         1.5181882799999999e-02         1.3881999999999999e-06         3.1706133619999999e-01        -1.4905396499999999e-02        -4.3778840000000002e-04        -1.2736308500000000e-02
5                                      2.2980000000000001e-07         1.9593971200000001e-02        -1.0476769299999999e-02        -1.0719999999999999e-07        -1.4905396499999999e-02         3.3952320899999999e-02         4.6072470000000000e-04        -5.4417810000000001e-04
6                                     -2.3137394759999999e-01         1.0744583800000000e-01         1.3141939100000000e-02         1.0148696000000000e-03        -4.3778840000000002e-04         4.6072470000000000e-04         2.4853291969999999e-01        -1.1867486580000000e-01
7                                      1.0744104800000000e-01        -1.0731574560000000e-01        -7.6004358000000003e-03         2.4241049000000001e-02        -1.2736308500000000e-02        -5.4417810000000001e-04        -1.1867486580000000e-01         1.1152286470000000e-01
8                                      1.6969160800000001e-02        -9.7976033000000008e-03        -1.0476882500000000e-02        -2.4111130000000001e-04         6.7099779999999995e-04        -5.2577899999999997e-05        -1.2907994700000000e-02         7.4542484999999999e-03
9                                     -2.3137642180000001e-01        -1.0744460580000000e-01        -1.3140471399999999e-02         1.0146093000000000e-03         4.3764660000000002e-04        -4.6073840000000001e-04        -1.9594031099999999e-02        -1.2332623200000000e-02
10                                    -1.0743981000000000e-01        -1.0731349740000000e-01        -7.5995897000000001e-03        -2.4241202399999998e-02        -1.2736066600000000e-02        -5.4400710000000003e-04         1.2332904699999999e-02         7.8935263999999998e-03
11                                    -1.6967708900000000e-02        -9.7966944999999996e-03        -1.0476666900000001e-02         2.4111400000000001e-04         6.7099490000000004e-04        -5.2577200000000002e-05         7.0295009999999996e-04        -1.2567060000000000e-04
12                                    -1.1803010700000000e-02         2.1999999999999998e-09         1.2270000000000001e-07         6.8061110000000005e-04        -3.6000000000000000e-09        -6.5000000000000003e-09         1.5178949000000000e-03        -4.8339510000000000e-04
13                                     8.0000000000000003e-10        -1.1802320800000000e-02         6.6711999999999998e-06         2.2600000000000001e-08         1.8020186000000001e-03         5.0500388999999996e-03        -4.7942790000000002e-04         9.5671750000000000e-04
14                                     1.5850000000000000e-07        -3.1657999999999998e-06         3.5000149299999998e-02        -4.8200000000000001e-08        -1.0292585999999999e-03        -7.6617320000000001e-03        -8.8848379999999997e-04         5.1948599999999999e-04
15                                    -9.0145026000000000e-03        -4.6999999999999999e-09         8.8399999999999997e-08        -4.2884340000000001e-04        -4.3999999999999997e-09        -1.0250000000000000e-07        -9.7705400000000001e-05        -1.9121289999999999e-04
16                                     1.0000000000000001e-09        -9.0138522999999998e-03         6.6815000000000003e-06        -2.9099999999999999e-08         1.7226200000000001e-05        -8.6504284000000001e-03        -1.8666050000000001e-04        -3.2105449999999999e-04
17                                     7.8300000000000006e-08        -1.2976000000000001e-06         2.6945563799999999e-02        -8.6900000000000004e-08        -5.8922029999999999e-04        -1.5708664600000002e-02        -5.0913559999999996e-04         2.9655010000000001e-04
                                                         8                           9                          10                          11                          12                          13                          14                          15

0                                      1.6969160800000001e-02        -2.3137642180000001e-01        -1.0743981000000000e-01        -1.6967708900000000e-02        -1.1803010700000000e-02         8.0000000000000003e-10         1.5850000000000000e-07        -9.0145026000000000e-03
1                                     -9.7976033000000008e-03        -1.0744460580000000e-01        -1.0731349740000000e-01        -9.7966944999999996e-03         2.1999999999999998e-09        -1.1802320800000000e-02        -3.1657999999999998e-06        -4.6999999999999999e-09
2                                     -1.0476882500000000e-02        -1.3140471399999999e-02        -7.5995897000000001e-03        -1.0476666900000001e-02         1.2270000000000001e-07         6.6711999999999998e-06         3.5000149299999998e-02         8.8399999999999997e-08
3                                     -2.4111130000000001e-04         1.0146093000000000e-03        -2.4241202399999998e-02         2.4111400000000001e-04         6.8061110000000005e-04         2.2600000000000001e-08        -4.8200000000000001e-08        -4.2884340000000001e-04
4                                      6.7099779999999995e-04         4.3764660000000002e-04        -1.2736066600000000e-02         6.7099490000000004e-04        -3.6000000000000000e-09         1.8020186000000001e-03        -1.0292585999999999e-03        -4.3999999999999997e-09
5                                     -5.2577899999999997e-05        -4.6073840000000001e-04        -5.4400710000000003e-04        -5.2577200000000002e-05        -6.5000000000000003e-09         5.0500388999999996e-03        -7.6617320000000001e-03        -1.0250000000000000e-07
6                                     -1.2907994700000000e-02        -1.9594031099999999e-02         1.2332904699999999e-02         7.0295009999999996e-04         1.5178949000000000e-03        -4.7942790000000002e-04        -8.8848379999999997e-04        -9.7705400000000001e-05
7                                      7.4542484999999999e-03        -1.2332623200000000e-02         7.8935263999999998e-03        -1.2567060000000000e-04        -4.8339510000000000e-04         9.5671750000000000e-04         5.1948599999999999e-04        -1.9121289999999999e-04
8                                      3.3952365499999998e-02        -7.0281429999999995e-04        -1.2575069999999999e-04        -5.2561400000000001e-05         4.3738513000000003e-03        -2.5260890000000000e-03        -7.6617168000000001e-03        -7.4910918000000003e-03
9                                     -7.0281429999999995e-04         2.4853558989999999e-01         1.1867349110000000e-01         1.2906570799999999e-02         1.5178911000000000e-03         4.7940390000000003e-04         8.8842149999999998e-04        -9.7637400000000001e-05
10                                    -1.2575069999999999e-04         1.1867349110000000e-01         1.1152038700000000e-01         7.4532807999999999e-03         4.8339900000000002e-04         9.5670819999999998e-04         5.1948700000000001e-04         1.9121749999999999e-04
11                                    -5.2561400000000001e-05         1.2906570799999999e-02         7.4532807999999999e-03         3.3952187299999999e-02        -4.3739486000000001e-03        -2.5260371000000001e-03        -7.6616940999999997e-03         7.4910226000000002e-03
12                                     4.3738513000000003e-03         1.5178911000000000e-03         4.8339900000000002e-04        -4.3739486000000001e-03         5.8299778000000003e-03        -1.3999999999999999e-09         1.3999999999999999e-09         2.2566358000000002e-03
13                                    -2.5260890000000000e-03         4.7940390000000003e-04         9.5670819999999998e-04        -2.5260371000000001e-03        -1.3999999999999999e-09         5.8301600999999996e-03        -3.2422000000000001e-06         2.1000000000000002e-09
14                                    -7.6617168000000001e-03         8.8842149999999998e-04         5.1948700000000001e-04        -7.6616940999999997e-03         1.3999999999999999e-09        -3.2422000000000001e-06         2.9402644999999999e-03        -4.9399999999999999e-08
15                                    -7.4910918000000003e-03        -9.7637400000000001e-05         1.9121749999999999e-04         7.4910226000000002e-03         2.2566358000000002e-03         2.1000000000000002e-09        -4.9399999999999999e-08         7.3820528999999999e-03
16                                     4.3241968000000000e-03         1.8668740000000000e-04        -3.2105760000000001e-04         4.3241266000000004e-03        -1.0999999999999999e-09         2.2567163999999999e-03        -3.3063999999999998e-06         2.4000000000000000e-09
17                                    -1.5708626999999999e-02         5.0903169999999998e-04         2.9657970000000002e-04        -1.5708687700000001e-02        -2.0400000000000001e-08        -1.3418000000000000e-06        -1.4955270900000000e-02         1.3290000000000001e-07
                                                        16                          17

0                                      1.0000000000000001e-09         7.8300000000000006e-08
1                                     -9.0138522999999998e-03        -1.2976000000000001e-06
2                                      6.6815000000000003e-06         2.6945563799999999e-02
3                                     -2.9099999999999999e-08        -8.6900000000000004e-08
4                                      1.7226200000000001e-05        -5.8922029999999999e-04
5                                     -8.6504284000000001e-03        -1.5708664600000002e-02
6                                     -1.8666050000000001e-04        -5.0913559999999996e-04
7                                     -3.2105449999999999e-04         2.9655010000000001e-04
8                                      4.3241968000000000e-03        -1.5708626999999999e-02
9                                      1.8668740000000000e-04         5.0903169999999998e-04
10                                    -3.2105760000000001e-04         2.9657970000000002e-04
11                                     4.3241266000000004e-03        -1.5708687700000001e-02
12                                    -1.0999999999999999e-09        -2.0400000000000001e-08
13                                     2.2567163999999999e-03        -1.3418000000000000e-06
14                                    -3.3063999999999998e-06        -1.4955270900000000e-02
15                                     2.4000000000000000e-09         1.3290000000000001e-07
16                                     7.3820218000000002e-03        -1.2700999999999999e-06
17                                    -1.2700999999999999e-06         3.5135686399999998e-02
   &MODES [&Type "ArrayOfDoubles", &Dim (18,18)] "The modes of vibrations"
                                                         0                           1                           2                           3                           4                           5                           6                           7

0                                      0.0000000000000000e+00         0.0000000000000000e+00         0.0000000000000000e+00         0.0000000000000000e+00         0.0000000000000000e+00         0.0000000000000000e+00        -6.5310090499070471e-07         5.1543983012062970e-07
1                                      0.0000000000000000e+00         0.0000000000000000e+00         0.0000000000000000e+00         0.0000000000000000e+00         0.0000000000000000e+00         0.0000000000000000e+00        -3.9995279738157767e-05         4.3252863088842548e-06
2                                      0.0000000000000000e+00         0.0000000000000000e+00         0.0000000000000000e+00         0.0000000000000000e+00         0.0000000000000000e+00         0.0000000000000000e+00        -2.6716908766505154e-01        -6.8348898575397346e-02
3                                      0.0000000000000000e+00         0.0000000000000000e+00         0.0000000000000000e+00         0.0000000000000000e+00         0.0000000000000000e+00         0.0000000000000000e+00         2.4278568050942506e-07         6.8102259949403816e-07
4                                      0.0000000000000000e+00         0.0000000000000000e+00         0.0000000000000000e+00         0.0000000000000000e+00         0.0000000000000000e+00         0.0000000000000000e+00         1.0124162039843378e-02         1.5302851275454464e-03
5                                      0.0000000000000000e+00         0.0000000000000000e+00         0.0000000000000000e+00         0.0000000000000000e+00         0.0000000000000000e+00         0.0000000000000000e+00        -5.4294773611480114e-02        -3.1068523246565113e-02
6                                      0.0000000000000000e+00         0.0000000000000000e+00         0.0000000000000000e+00         0.0000000000000000e+00         0.0000000000000000e+00         0.0000000000000000e+00         8.7846977557173630e-03         1.3224022273560692e-03
7                                      0.0000000000000000e+00         0.0000000000000000e+00         0.0000000000000000e+00         0.0000000000000000e+00         0.0000000000000000e+00         0.0000000000000000e+00        -5.1594219202929252e-03        -7.5776546493772599e-04
8                                      0.0000000000000000e+00         0.0000000000000000e+00         0.0000000000000000e+00         0.0000000000000000e+00         0.0000000000000000e+00         0.0000000000000000e+00        -5.4297698483036720e-02        -3.1068227580905786e-02
9                                      0.0000000000000000e+00         0.0000000000000000e+00         0.0000000000000000e+00         0.0000000000000000e+00         0.0000000000000000e+00         0.0000000000000000e+00        -8.7844464723412750e-03        -1.3211042119057575e-03
10                                     0.0000000000000000e+00         0.0000000000000000e+00         0.0000000000000000e+00         0.0000000000000000e+00         0.0000000000000000e+00         0.0000000000000000e+00        -5.1595571864612010e-03        -7.5780243251317156e-04
11                                     0.0000000000000000e+00         0.0000000000000000e+00         0.0000000000000000e+00         0.0000000000000000e+00         0.0000000000000000e+00         0.0000000000000000e+00        -5.4297571073772276e-02        -3.1067885106201919e-02
12                                     0.0000000000000000e+00         0.0000000000000000e+00         0.0000000000000000e+00         0.0000000000000000e+00         0.0000000000000000e+00         0.0000000000000000e+00         1.0681692305037581e-07        -1.2050843280930302e-07
13                                     0.0000000000000000e+00         0.0000000000000000e+00         0.0000000000000000e+00         0.0000000000000000e+00         0.0000000000000000e+00         0.0000000000000000e+00         9.8210999440610750e-06        -9.7211338962496351e-07
14                                     0.0000000000000000e+00         0.0000000000000000e+00         0.0000000000000000e+00         0.0000000000000000e+00         0.0000000000000000e+00         0.0000000000000000e+00         5.8149413491688812e-02        -1.3800223736439329e-01
15                                     0.0000000000000000e+00         0.0000000000000000e+00         0.0000000000000000e+00         0.0000000000000000e+00         0.0000000000000000e+00         0.0000000000000000e+00         2.8048802110988906e-08        -3.0838713044711223e-08
16                                     0.0000000000000000e+00         0.0000000000000000e+00         0.0000000000000000e+00         0.0000000000000000e+00         0.0000000000000000e+00         0.0000000000000000e+00         2.5892155403013415e-06        -2.5470170046447348e-07
17                                     0.0000000000000000e+00         0.0000000000000000e+00         0.0000000000000000e+00         0.0000000000000000e+00         0.0000000000000000e+00         0.0000000000000000e+00         1.0335617958532103e-02         4.5764241253664885e-02
                                                         8                           9                          10                          11                          12                          13                          14                          15

0                                     -2.4045559102901762e-01         4.6573963441386996e-05        -1.6353171389567527e-05         3.6550868684237254e-04         1.1837770174109053e-07        -7.9192137612938016e-06         9.2592458092211713e-02         2.4555137118526963e-08
1                                      4.6573634185709443e-05         2.4045599621697744e-01         3.6978126303754565e-04         1.6515857197017310e-05        -9.0310131999364345e-06        -9.2590715051228858e-02        -7.9118450861622065e-06        -1.9894342871288527e-05
2                                      3.2400806845770069e-07        -4.7883821195950496e-05        -1.1603085476640111e-06        -2.8062677201088183e-08         3.9017126929251904e-02        -1.5937489729406442e-05        -3.6929309484911188e-07        -6.8133990895796540e-03
3                                     -2.4737154534273151e-01         4.7840811602982021e-05         1.7753057298627686e-03        -3.9690895763913034e-02        -1.9259120400453541e-06         6.1253349100794840e-05        -7.6759886208232897e-01         8.2196379383638667e-08
4                                      4.7037868188824005e-05         2.4257729859696925e-01        -4.7709739098617088e-02        -2.1358012052789537e-03        -2.8008785119918386e-02        -5.3211506770603011e-02        -2.2749922299681267e-07        -5.7414521343465741e-01
5                                     -3.1605046851713861e-06        -2.0879142837154505e-02        -8.0926721370864552e-01        -3.6230723480721157e-02        -5.6611825450181619e-01        -3.4911834601974980e-02        -1.8509266485421544e-07         2.6546146187262518e-02
6                                     -2.4376784650992803e-01         2.1350171724062068e-03         5.5059143294245803e-03        -4.5555454726217727e-02        -2.4228276772951234e-02         3.5549622008807014e-01        -1.5193514859587695e-01        -4.9737618674475015e-01
7                                     -2.0326723993501555e-03         2.4616365022586059e-01        -4.1873124486240539e-02         1.6064549849589941e-03         1.4022935640991356e-02         5.6238805831839511e-01        -3.5539206310063254e-01         2.8721636142804541e-01
8                                      1.8070464251235954e-02         1.0406719228387493e-02         4.3606408167278748e-01        -6.8275976822391571e-01        -5.6604115953378031e-01         1.7491764145871214e-02         3.0232649689194670e-02         2.6558878377430928e-02
9                                     -2.4376878595661236e-01        -2.0405383163209921e-03        -1.4122628052224892e-03        -4.5860255012687028e-02         2.4224347073703141e-02        -3.5546589130894607e-01        -1.5198873214954065e-01         4.9737584526787942e-01
10                                     2.1279762587134089e-03         2.4616295580826256e-01        -4.1559600304610443e-02        -5.3413277031721784e-03         1.4022890679763068e-02         5.6233483939674733e-01         3.5548389131472519e-01         2.8721606936421445e-01
11                                    -1.8065039089291794e-02         1.0413706508611745e-02         3.7330810106196721e-01         7.1899478569191988e-01        -5.6604203707258061e-01         1.7499140675690299e-02        -3.0228848555676674e-02         2.6555361285998686e-02
12                                     5.2882452971288879e-02        -1.0242408742770710e-05         2.4332175192173244e-04        -5.4348170136457241e-03         6.7607742650951711e-08         3.9678099401039278e-08        -5.8675472301974638e-04         1.7590250095783221e-08
13                                    -1.0241603624662248e-05        -5.2882433470204208e-02        -5.4350392095105513e-03        -2.4332531173124430e-04         5.9600259439251653e-07         5.8633647904845511e-04         6.3807592882168721e-08        -6.8819929697359748e-07
14                                    -4.4195332255250121e-07         1.3604250290275905e-05        -1.0264794860174380e-06        -2.0934412490758124e-08         1.1959073861834174e-02         2.6004659951374378e-06         8.1713275364939970e-09         7.9710072831102674e-05
15                                     1.3822363608275570e-02        -2.6771787452068207e-06        -1.1304946447137352e-04         2.5251844057837540e-03         1.6420207276908799e-08         1.1002234657601108e-08        -8.8501766587600634e-05        -5.1789137368491677e-09
16                                    -2.6775477405195376e-06        -1.3822373464232499e-02         2.5251269184004528e-03         1.1304869685496057e-04         3.9404167945439803e-07         8.8543807852704460e-05         3.4159192331877229e-09        -2.0618924003006085e-07
17                                     7.4815884296074850e-08         1.1978560110317104e-06        -4.3719885842762904e-07        -2.5603551138551794e-08         6.4552191138391741e-03         1.5388563334172761e-07         3.9472979280986508e-09        -1.0148886403763550e-05
                                                        16                          17

0                                      9.2916130432379632e-02        -6.9087446322221663e-06
1                                     -6.9172196862368779e-06        -9.2916790567622060e-02
2                                     -3.1750757800248349e-07         1.4460258264477487e-06
3                                      3.7768711336219597e-02         1.3339913372806492e-06
4                                      5.3177217372863615e-05         7.6785761521158913e-01
5                                     -3.1623939523532514e-06        -4.3776602145460683e-02
6                                     -5.6639714705567679e-01        -3.4867167454231529e-01
7                                      3.4881663962097353e-01         1.6354449045138789e-01
8                                      3.7911567269276622e-02         2.1878615178977077e-02
9                                     -5.6635327879505604e-01         3.4875182752839573e-01
10                                    -3.4878835062401531e-01         1.6358922641816201e-01
11                                    -3.7904596539141709e-02         2.1881437480039602e-02
12                                    -2.2827860724780857e-04         3.0525945837554103e-08
13                                     7.2129187358500404e-09         2.2826939082382951e-04
14                                     4.5831095406492397e-10        -2.3091627795372679e-08
15                                    -3.2946516390268944e-05        -1.8926541931246817e-09
16                                     5.5875649932218368e-09         3.2935177754461014e-05
17                                    -3.2677581463762924e-10         1.0428180797061929e-09
$End
$THERMOCHEMISTRY_Energies
   &GeometryIndex 1
   &temperature [&Type "Double"]       2.9814999999999998e+02
   &pressure [&Type "Double"]       1.0000000000000000e+00
   &totalMass [&Type "Double"]       1.7738800000000001e+02
   &spinDegeneracy [&Type "Integer"] 1
   &elEnergy [&Type "Double"]      -1.2261014823780000e+01
   &transEnergy [&Type "Double"]       1.4162714244859817e-03
   &rotEnergy [&Type "Double"]       1.4162714244859817e-03
   &vibEnergy [&Type "Double"]       2.0197021646338287e-03
   &numOfFreqs [&Type "Integer"] 18
   &freqScalingFactor [&Type "Double"]       1.0000000000000000e+00
   &FREQ [&Type "ArrayOfDoubles", &Units "cm^-1", &Dim (18,1)] 
                                                         0

0                                      0.0000000000000000e+00
1                                      0.0000000000000000e+00
2                                      0.0000000000000000e+00
3                                      0.0000000000000000e+00
4                                      0.0000000000000000e+00
5                                      0.0000000000000000e+00
6                                     -3.2257276676995787e+02
7                                      1.2237988099497331e+02
8                                      1.8503745063737429e+02
9                                      1.8504014583004593e+02
10                                     9.3176504851963512e+02
11                                     9.3176539414876288e+02
12                                     9.4740898415594552e+02
13                                     1.3674591068314667e+03
14                                     1.3674931118310731e+03
15                                     2.9405424194016573e+03
16                                     3.0222285128454182e+03
17                                     3.0222427257772479e+03
   &zpe [&Type "Double"]       3.4225738774411894e-02
   &innerEnergyU [&Type "Double"]      -1.2221936839991983e+01
   &enthalpyH [&Type "Double"]      -1.2220992630949723e+01
   &qEl [&Type "Double"]       0.0000000000000000e+00
   &qRot [&Type "Double"]       1.1352450197411478e-02
   &qVib [&Type "Double"]       3.7480474981220952e-03
   &qTrans [&Type "Double"]       1.9683005332529695e-02
   &entropyS [&Type "Double"]       3.4783503028063267e-02
   &freeEnergyG [&Type "Double"]      -1.2255776133977786e+01
   &isLinear [&Type "Boolean"] false
$End
$Geometry
   &GeometryIndex 2
   &NAtoms [&Type "Integer"] 6
   &NCorelessECP [&Type "Integer"] 0
   &NGhostAtoms [&Type "Integer"] 0
   &CartesianCoordinates [&Type "Coordinates", &Dim(6,4), &Units "Bohr"] 
              C     -0.000000272128   -0.000002281006    0.089371242812
              H     -0.000000086302    2.040252684608    0.035350219324
              H      1.766909663703   -1.020133245272    0.035353240351
              H     -1.766909745895   -1.020133193072    0.035353484569
              Cl     0.000000181315    0.000007446460    4.732092925176
              I      0.000000259307    0.000008588282   -4.858357135730
$End
$Single_Point_Data
   &GeometryIndex 2
   &FinalEnergy [&Type "Double"]      -1.2265636514810000e+01  "Final single point energy"
   &Converged [&Type "Boolean"] true
$End
$Geometry
   &GeometryIndex 3
   &NAtoms [&Type "Integer"] 6
   &NCorelessECP [&Type "Integer"] 0
   &NGhostAtoms [&Type "Integer"] 0
   &CartesianCoordinates [&Type "Coordinates", &Dim(6,4), &Units "Bohr"] 
              C      0.000000011080    0.000002705822    0.074373147799
              H     -0.000000045625    2.034400932817    0.070397793838
              H      1.761844771475   -1.017191284914    0.070392984658
              H     -1.761844789820   -1.017191242825    0.070393060144
              Cl     0.000000011250   -0.000009966159    4.603370412769
              I      0.000000041641   -0.000011144742   -4.819763422707
$End
$Single_Point_Data
   &GeometryIndex 3
   &FinalEnergy [&Type "Double"]      -1.2268948651350000e+01  "Final single point energy"
   &Converged [&Type "Boolean"] true
$End
$Geometry
   &GeometryIndex 4
   &NAtoms [&Type "Integer"] 6
   &NCorelessECP [&Type "Integer"] 0
   &NGhostAtoms [&Type "Integer"] 0
   &CartesianCoordinates [&Type "Coordinates", &Dim(6,4), &Units "Bohr"] 
              C     -0.000000006231    0.000002295332    0.063380865813
              H     -0.000000054959    2.028160498057    0.094796013624
              H      1.756439531869   -1.014072434124    0.094792506385
              H     -1.756439561637   -1.014072387853    0.094792614517
              Cl     0.000000024686   -0.000008510764    4.518238479040
              I      0.000000066272   -0.000009460648   -4.796836502878
$End
$Single_Point_Data
   &GeometryIndex 4
   &FinalEnergy [&Type "Double"]      -1.2270623698250001e+01  "Final single point energy"
   &Converged [&Type "Boolean"] true
$End
$Geometry
   &GeometryIndex 5
   &NAtoms [&Type "Integer"] 6
   &NCorelessECP [&Type "Integer"] 0
   &NGhostAtoms [&Type "Integer"] 0
   &CartesianCoordinates [&Type "Coordinates", &Dim(6,4), &Units "Bohr"] 
              C      0.000000025155    0.000002879613    0.061124769037
              H     -0.000000033408    2.024139570046    0.110873949029
              H      1.752956374413   -1.012061216951    0.110871720064
              H     -1.752956371318   -1.012061176593    0.110871789334
              Cl    -0.000000013193   -0.000009808773    4.460924903428
              I      0.000000018351   -0.000010247342   -4.785503154391
$End
$Single_Point_Data
   &GeometryIndex 5
   &FinalEnergy [&Type "Double"]      -1.2271394558130000e+01  "Final single point energy"
   &Converged [&Type "Boolean"] true
$End
$Geometry
   &GeometryIndex 6
   &NAtoms [&Type "Integer"] 6
   &NCorelessECP [&Type "Integer"] 0
   &NGhostAtoms [&Type "Integer"] 0
   &CartesianCoordinates [&Type "Coordinates", &Dim(6,4), &Units "Bohr"] 
              C      0.000000032347    0.000002658686    0.062287931887
              H     -0.000000020426    2.021012350742    0.122662032099
              H      1.750247760365   -1.010498604800    0.122660419701
              H     -1.750247743740   -1.010498571620    0.122660494701
              Cl    -0.000000032070   -0.000008706885    4.417927955934
              I      0.000000003524   -0.000009126122   -4.779034857821
$End
$Single_Point_Data
   &GeometryIndex 6
   &FinalEnergy [&Type "Double"]      -1.2271786893280000e+01  "Final single point energy"
   &Converged [&Type "Boolean"] true
$End
$Hessian
   &GeometryIndex 6
   &HESSIAN [&Type "ArrayOfDoubles", &Dim (18,18)] "The Hessian"
                                                         0                           1                           2                           3                           4                           5                           6                           7

0                                      5.8200439540000004e-01        -3.2999999999999998e-08        -2.1463999999999999e-06        -4.1982865400000000e-02        -1.5346000000000001e-06         8.0000000000000002e-08        -2.5814411720000002e-01         1.2480164260000000e-01
1                                     -3.2999999999999998e-08         5.8200425800000000e-01         5.2094999999999998e-06        -1.5322999999999999e-06        -3.3019633539999999e-01        -9.9815431000000003e-03         1.2480875280000001e-01        -1.1404072250000000e-01
2                                     -2.1463999999999999e-06         5.2094999999999998e-06        -4.7394771199999998e-02         9.7199999999999997e-08        -9.4748864000000002e-03        -4.0419890000000002e-03        -8.2099284999999998e-03         4.7287620000000001e-03
3                                     -4.1982865400000000e-02        -1.5322999999999999e-06         9.7199999999999997e-08         4.1343800299999997e-02         1.6760999999999999e-06         3.6500000000000003e-08         6.1833600000000004e-05         2.3834132500000001e-02
4                                     -1.5346000000000001e-06        -3.3019633539999999e-01        -9.4748864000000002e-03         1.6760999999999999e-06         3.5489515599999999e-01         9.1822138000000001e-03        -2.9335739999999998e-04        -1.3539155100000000e-02
5                                      8.0000000000000002e-08        -9.9815431000000003e-03        -4.0419890000000002e-03         3.6500000000000003e-08         9.1822138000000001e-03         3.8424597300000002e-02         3.1254319999999999e-04         1.0797042000000000e-03
6                                     -2.5814411720000002e-01         1.2480875280000001e-01        -8.2099284999999998e-03         6.1833600000000004e-05        -2.9335739999999998e-04         3.1254319999999999e-04         2.7648857970000001e-01        -1.3578293890000001e-01
7                                      1.2480164260000000e-01        -1.1404072250000000e-01         4.7287620000000001e-03         2.3834132500000001e-02        -1.3539155100000000e-02         1.0797042000000000e-03        -1.3578293890000001e-01         1.1974337390000001e-01
8                                     -8.6426218999999995e-03         4.9907830000000004e-03        -4.0413458999999999e-03         1.0920616000000001e-03        -2.6885709999999998e-04        -5.2351950000000002e-04         7.9514610999999995e-03        -4.5908540000000001e-03
9                                     -2.5814659600000001e-01        -1.2480718859999999e-01         8.2117326000000004e-03         6.1561499999999997e-05         2.9321160000000002e-04        -3.1253409999999998e-04        -2.0307544300000001e-02        -1.2052798900000000e-02
10                                    -1.2480007980000001e-01        -1.1403809420000000e-01         4.7295195000000003e-03        -2.3834279600000001e-02        -1.3538922500000000e-02         1.0798761000000000e-03         1.2053069300000000e-02         6.8684208000000004e-03
11                                     8.6444568999999999e-03         4.9915360000000004e-03        -4.0414326000000004e-03        -1.0920721000000000e-03        -2.6884350000000001e-04        -5.2351039999999995e-04        -7.7853899999999997e-04        -8.1155050000000003e-04
12                                    -1.2117043700000000e-02         6.6000000000000004e-09         1.1459999999999999e-07         4.1490880000000002e-04        -1.9000000000000001e-09        -1.5600000000000001e-08         9.8027069999999990e-04        -3.2641970000000001e-04
13                                     2.4000000000000000e-09        -1.2116604800000000e-02         5.8903000000000002e-06         3.0500000000000002e-08         1.1774559000000001e-03         7.7683033000000004e-03        -3.1888460000000001e-04         5.9824510000000000e-04
14                                     1.3100000000000000e-07        -8.9900000000000003e-06         2.9338231900000001e-02        -6.9899999999999997e-08        -1.9058990000000000e-04        -1.5671326999999999e-02        -1.5714559999999999e-04         1.0879400000000000e-04
15                                    -1.1613773100000000e-02        -5.5999999999999997e-09         1.3050000000000001e-07         1.0076110000000000e-04         6.2000000000000001e-09        -1.1010000000000000e-07         9.2097760000000000e-04        -4.7361760000000000e-04
16                                     2.4000000000000000e-09        -1.1612501100000000e-02         5.5051000000000000e-06        -2.7300000000000000e-08         1.2018011000000000e-03        -9.1285541999999997e-03        -4.6664120000000002e-04         3.6983770000000000e-04
17                                     1.0040000000000000e-07         3.0046000000000000e-06         3.0181306799999998e-02        -5.3200000000000000e-08         1.0209629999999999e-03        -1.7664251400000001e-02         8.8160880000000004e-04        -5.1485569999999996e-04
                                                         8                           9                          10                          11                          12                          13                          14                          15

0                                     -8.6426218999999995e-03        -2.5814659600000001e-01        -1.2480007980000001e-01         8.6444568999999999e-03        -1.2117043700000000e-02         2.4000000000000000e-09         1.3100000000000000e-07        -1.1613773100000000e-02
1                                      4.9907830000000004e-03        -1.2480718859999999e-01        -1.1403809420000000e-01         4.9915360000000004e-03         6.6000000000000004e-09        -1.2116604800000000e-02        -8.9900000000000003e-06        -5.5999999999999997e-09
2                                     -4.0413458999999999e-03         8.2117326000000004e-03         4.7295195000000003e-03        -4.0414326000000004e-03         1.1459999999999999e-07         5.8903000000000002e-06         2.9338231900000001e-02         1.3050000000000001e-07
3                                      1.0920616000000001e-03         6.1561499999999997e-05        -2.3834279600000001e-02        -1.0920721000000000e-03         4.1490880000000002e-04         3.0500000000000002e-08        -6.9899999999999997e-08         1.0076110000000000e-04
4                                     -2.6885709999999998e-04         2.9321160000000002e-04        -1.3538922500000000e-02        -2.6884350000000001e-04        -1.9000000000000001e-09         1.1774559000000001e-03        -1.9058990000000000e-04         6.2000000000000001e-09
5                                     -5.2351950000000002e-04        -3.1253409999999998e-04         1.0798761000000000e-03        -5.2351039999999995e-04        -1.5600000000000001e-08         7.7683033000000004e-03        -1.5671326999999999e-02        -1.1010000000000000e-07
6                                      7.9514610999999995e-03        -2.0307544300000001e-02         1.2053069300000000e-02        -7.7853899999999997e-04         9.8027069999999990e-04        -3.1888460000000001e-04        -1.5714559999999999e-04         9.2097760000000000e-04
7                                     -4.5908540000000001e-03        -1.2052798900000000e-02         6.8684208000000004e-03        -8.1155050000000003e-04        -3.2641970000000001e-04         5.9824510000000000e-04         1.0879400000000000e-04        -4.7361760000000000e-04
8                                      3.8422392299999997e-02         7.7867270000000002e-04        -8.1163880000000000e-04        -5.2113289999999998e-04         6.7258099999999996e-03        -3.8838931999999999e-03        -1.5671947700000001e-02        -7.9053834999999999e-03
9                                      7.7867270000000002e-04         2.7649129639999998e-01         1.3578125669999999e-01        -7.9531837999999994e-03         9.8024019999999991e-04         3.1885300000000002e-04         1.5703869999999999e-04         9.2104239999999998e-04
10                                    -8.1163880000000000e-04         1.3578125669999999e-01         1.1974052900000000e-01        -4.5917229000000002e-03         3.2642180000000003e-04         5.9823839999999999e-04         1.0880960000000000e-04         4.7361160000000002e-04
11                                    -5.2113289999999998e-04        -7.9531837999999994e-03        -4.5917229000000002e-03         3.8422505300000000e-02        -6.7259651999999996e-03        -3.8838084000000000e-03        -1.5671916800000001e-02         7.9053032999999995e-03
12                                     6.7258099999999996e-03         9.8024019999999991e-04         3.2642180000000003e-04        -6.7259651999999996e-03         7.6724104000000003e-03        -3.9000000000000002e-09         1.3100000000000000e-07         2.0692137000000001e-03
13                                    -3.8838931999999999e-03         3.1885300000000002e-04         5.9823839999999999e-04        -3.8838084000000000e-03        -3.9000000000000002e-09         7.6735285000000004e-03        -9.5093000000000006e-06         2.6000000000000001e-09
14                                    -1.5671947700000001e-02         1.5703869999999999e-04         1.0880960000000000e-04        -1.5671916800000001e-02         1.3100000000000000e-07        -9.5093000000000006e-06         4.1654148400000000e-02        -8.5199999999999995e-08
15                                    -7.9053834999999999e-03         9.2104239999999998e-04         4.7361160000000002e-04         7.9053032999999995e-03         2.0692137000000001e-03         2.6000000000000001e-09        -8.5199999999999995e-08         7.6017782999999997e-03
16                                     4.5644600999999998e-03         4.6666630000000001e-04         3.6982850000000000e-04         4.5643893000000000e-03        -3.0000000000000000e-09         2.0691368999999999e-03        -8.5144999999999995e-06         2.7999999999999998e-09
17                                    -1.7664446200000000e-02        -8.8172619999999995e-04        -5.1484350000000003e-04        -1.7664512699999999e-02        -7.4700000000000001e-08         3.0174000000000001e-06        -2.3977188900000002e-02         1.4490000000000001e-07
                                                        16                          17

0                                      2.4000000000000000e-09         1.0040000000000000e-07
1                                     -1.1612501100000000e-02         3.0046000000000000e-06
2                                      5.5051000000000000e-06         3.0181306799999998e-02
3                                     -2.7300000000000000e-08        -5.3200000000000000e-08
4                                      1.2018011000000000e-03         1.0209629999999999e-03
5                                     -9.1285541999999997e-03        -1.7664251400000001e-02
6                                     -4.6664120000000002e-04         8.8160880000000004e-04
7                                      3.6983770000000000e-04        -5.1485569999999996e-04
8                                      4.5644600999999998e-03        -1.7664446200000000e-02
9                                      4.6666630000000001e-04        -8.8172619999999995e-04
10                                     3.6982850000000000e-04        -5.1484350000000003e-04
11                                     4.5643893000000000e-03        -1.7664512699999999e-02
12                                    -3.0000000000000000e-09        -7.4700000000000001e-08
13                                     2.0691368999999999e-03         3.0174000000000001e-06
14                                    -8.5144999999999995e-06        -2.3977188900000002e-02
15                                     2.7999999999999998e-09         1.4490000000000001e-07
16                                     7.6018967999999998e-03         2.7141000000000000e-06
17                                     2.7141000000000000e-06         4.6789092400000003e-02
   &MODES [&Type "ArrayOfDoubles", &Dim (18,18)] "The modes of vibrations"
                                                         0                           1                           2                           3                           4                           5                           6                           7

0                                      0.0000000000000000e+00         0.0000000000000000e+00         0.0000000000000000e+00         0.0000000000000000e+00         0.0000000000000000e+00         0.0000000000000000e+00        -7.9995759821149343e-07         4.9308807069234987e-08
1                                      0.0000000000000000e+00         0.0000000000000000e+00         0.0000000000000000e+00         0.0000000000000000e+00         0.0000000000000000e+00         0.0000000000000000e+00        -4.1716489363758248e-05         6.0675215521383366e-04
2                                      0.0000000000000000e+00         0.0000000000000000e+00         0.0000000000000000e+00         0.0000000000000000e+00         0.0000000000000000e+00         0.0000000000000000e+00        -2.7566945930464665e-01        -3.7440979757176300e-02
3                                      0.0000000000000000e+00         0.0000000000000000e+00         0.0000000000000000e+00         0.0000000000000000e+00         0.0000000000000000e+00         0.0000000000000000e+00         2.1032519978648439e-07         1.4285855626875216e-09
4                                      0.0000000000000000e+00         0.0000000000000000e+00         0.0000000000000000e+00         0.0000000000000000e+00         0.0000000000000000e+00         0.0000000000000000e+00        -6.9927621674442273e-03         4.9720445084978026e-04
5                                      0.0000000000000000e+00         0.0000000000000000e+00         0.0000000000000000e+00         0.0000000000000000e+00         0.0000000000000000e+00         0.0000000000000000e+00        -3.6190777237042238e-03        -4.4361865958756241e-02
6                                      0.0000000000000000e+00         0.0000000000000000e+00         0.0000000000000000e+00         0.0000000000000000e+00         0.0000000000000000e+00         0.0000000000000000e+00        -6.0420598385469608e-03        -8.2177744525210929e-05
7                                      0.0000000000000000e+00         0.0000000000000000e+00         0.0000000000000000e+00         0.0000000000000000e+00         0.0000000000000000e+00         0.0000000000000000e+00         3.3860641751539359e-03         7.1516954389966639e-04
8                                      0.0000000000000000e+00         0.0000000000000000e+00         0.0000000000000000e+00         0.0000000000000000e+00         0.0000000000000000e+00         0.0000000000000000e+00        -3.6193574116835129e-03        -4.4351780747044878e-02
9                                      0.0000000000000000e+00         0.0000000000000000e+00         0.0000000000000000e+00         0.0000000000000000e+00         0.0000000000000000e+00         0.0000000000000000e+00         6.0423756038046374e-03         8.2220830317274526e-05
10                                     0.0000000000000000e+00         0.0000000000000000e+00         0.0000000000000000e+00         0.0000000000000000e+00         0.0000000000000000e+00         0.0000000000000000e+00         3.3860036624816453e-03         7.1519297858933068e-04
11                                     0.0000000000000000e+00         0.0000000000000000e+00         0.0000000000000000e+00         0.0000000000000000e+00         0.0000000000000000e+00         0.0000000000000000e+00        -3.6191650205675352e-03        -4.4351541621664499e-02
12                                     0.0000000000000000e+00         0.0000000000000000e+00         0.0000000000000000e+00         0.0000000000000000e+00         0.0000000000000000e+00         0.0000000000000000e+00         1.3319791642626318e-07        -1.0246349776061375e-08
13                                     0.0000000000000000e+00         0.0000000000000000e+00         0.0000000000000000e+00         0.0000000000000000e+00         0.0000000000000000e+00         0.0000000000000000e+00         1.0666832018595750e-05        -1.3750895508108074e-04
14                                     0.0000000000000000e+00         0.0000000000000000e+00         0.0000000000000000e+00         0.0000000000000000e+00         0.0000000000000000e+00         0.0000000000000000e+00         4.0971973724588419e-02        -1.4302633745925608e-01
15                                     0.0000000000000000e+00         0.0000000000000000e+00         0.0000000000000000e+00         0.0000000000000000e+00         0.0000000000000000e+00         0.0000000000000000e+00         3.4324080376998644e-08        -2.1580357421810658e-09
16                                     0.0000000000000000e+00         0.0000000000000000e+00         0.0000000000000000e+00         0.0000000000000000e+00         0.0000000000000000e+00         0.0000000000000000e+00         2.7213982871547564e-06        -3.4322952410632647e-05
17                                     0.0000000000000000e+00         0.0000000000000000e+00         0.0000000000000000e+00         0.0000000000000000e+00         0.0000000000000000e+00         0.0000000000000000e+00         1.4731528386189741e-02         4.4559070603944331e-02
                                                         8                           9                          10                          11                          12                          13                          14                          15

0                                      2.3973191138390429e-01         4.3458701148329316e-04        -7.3383650033275297e-08        -1.3072679772641370e-02        -2.7508407771589076e-06         2.6134463399410059e-05         9.2494765201512341e-02        -1.7245287070709895e-09
1                                      4.3458552626310381e-04        -2.3973176361343787e-01         2.4604295725367075e-06         2.7087089938880403e-06        -1.3070106303453758e-02         9.2490712375569870e-02        -2.6124838722159252e-05         2.2166036366671255e-05
2                                     -5.8423568742175085e-07        -4.0113272961977112e-05        -1.4501452117049564e-02         9.3483882830328849e-08        -3.5457648453240852e-06         1.7667935445547960e-05        -3.4294839367646325e-07        -3.7259475508034899e-03
3                                      2.4923565243682186e-01         4.5182808314056381e-04         2.0879317076578395e-06         5.4653257928887145e-02         9.9406242796626862e-06        -2.1212150074064677e-04        -7.6581194086483728e-01         9.4506812458437730e-08
4                                      4.4091634322131933e-04        -2.4324241019190312e-01        -1.5299262028927785e-02        -3.3092047175877482e-06         1.4407244603645362e-02         5.5012740781828079e-02        -1.1225679478276104e-05         5.7466954228129141e-01
5                                     -4.5963644654390908e-06         2.0501835044533919e-03         5.6832531276365295e-01         1.6611946292760391e-04        -8.0939910454444219e-01        -6.2426899680739834e-02         2.0022210339667524e-05         1.5061816854667943e-02
6                                      2.4474281888279759e-01        -2.1684160250021096e-03        -1.3250206824198937e-02         2.4459658134535184e-02         1.7439108459320323e-02        -3.5555757392203335e-01        -1.5006582760601936e-01         4.9782186508730758e-01
7                                      3.0581631173582785e-03        -2.4772538297355043e-01         7.6406176053097630e-03         1.7419269221876397e-02         4.4602646908776598e-02        -5.6065450948059370e-01        -3.5528905482111284e-01        -2.8750479835100362e-01
8                                     -1.8818123131921528e-03        -1.1967977524497439e-03         5.6812624856273286e-01        -7.0112519604706147e-01         4.0469556179758204e-01         3.1192724736210230e-02        -5.4060167702318633e-02         1.5070341008450528e-02
9                                      2.4473331047112742e-01         3.0557250083203293e-03         1.3254216098980474e-02         2.4471618134940275e-02        -1.7427119872211211e-02         3.5546854472369283e-01        -1.5025889983552720e-01        -4.9782199117503895e-01
10                                    -2.1599574442581577e-03        -2.4773494961771189e-01         7.6405213822906123e-03        -1.7438043177771732e-02         4.4598092838670667e-02        -5.6046096555710656e-01         3.5560140690685021e-01        -2.8750498026980020e-01
11                                     1.8844761323497162e-03        -1.1902019119264010e-03         5.6812645950702911e-01         7.0095826581424880e-01         4.0498400272765545e-01         3.1220119805796490e-02         5.4044098150472446e-02         1.5073855758916670e-02
12                                    -5.3967853928960259e-02        -9.7831855448809289e-05        -8.0410644229817320e-08        -6.8247034420782712e-03        -1.4023444552041560e-06        -2.4564366432546100e-07        -9.2476106401865005e-04        -1.8120412096610221e-08
13                                    -9.7832712703610424e-05         5.3967577903527339e-02         1.1464762994796356e-06         1.4110110154167383e-06        -6.8254934758578984e-03        -9.2463185735623286e-04         2.7120910745180409e-07         1.1359909585553657e-06
14                                     8.3355734320526679e-07        -3.7258884454227257e-04        -2.0823428285656136e-02         2.1565350721874397e-08        -2.5209887687998286e-06        -8.8050374429213945e-06         9.6326463539529968e-09        -8.8830903513461329e-05
15                                    -1.3480844273709349e-02        -2.4438471132305890e-05        -1.9021076057510357e-08         2.3211895776930392e-03         4.7795919201231078e-07        -1.2863123600983189e-08        -2.7606849329200180e-05         5.4765157657488665e-09
16                                    -2.4437971512348809e-05         1.3480835603409586e-02        -4.0922157748752068e-07        -4.7516982945101805e-07         2.3209804474741674e-03        -2.7528896565795809e-05         5.0027099785322969e-09         2.8721576024596585e-07
17                                    -1.6222890446571077e-07         1.1056503952959522e-04        -6.3497612341279156e-03        -8.4329019065636354e-09        -1.1878555103552444e-06         8.9931441820658806e-07        -1.6283121841398939e-09         1.8392563624523290e-05
                                                        16                          17

0                                      1.7833711651726807e-04        -9.3235116503810944e-02
1                                      9.3237891323832353e-02         1.7835421515905386e-04
2                                      5.3869353024474896e-07         3.2009758600304968e-07
3                                      6.4830053453954209e-05        -3.6107253209602279e-02
4                                     -7.6852908169352896e-01        -1.4657218185684634e-03
5                                     -2.3171359488818644e-02        -4.4070008719293601e-05
6                                      3.4718730898782602e-01         5.6795589014678005e-01
7                                     -1.6432984993155478e-01        -3.4868965134165608e-01
8                                      1.1542715223288858e-02         2.0083038436896468e-02
9                                     -3.4935333551144254e-01         5.6663048496945778e-01
10                                    -1.6565522474704253e-01         3.4805410866890046e-01
11                                     1.1621689847548022e-02        -2.0042817748440720e-02
12                                    -3.9143599350128896e-07         1.9888236781221837e-04
13                                    -1.9886409704513014e-04        -3.6728535973363212e-07
14                                     3.1093434548601897e-08         3.3624091337943630e-10
15                                    -7.9775289892124840e-08         4.3570156495957243e-05
16                                    -4.3559607840075074e-05        -8.7600497729458507e-08
17                                    -4.4330197099636448e-09         1.8520071771456084e-10
$End
$THERMOCHEMISTRY_Energies
   &GeometryIndex 6
   &temperature [&Type "Double"]       2.9814999999999998e+02
   &pressure [&Type "Double"]       1.0000000000000000e+00
   &totalMass [&Type "Double"]       1.7738800000000001e+02
   &spinDegeneracy [&Type "Integer"] 1
   &elEnergy [&Type "Double"]      -1.2271786893280000e+01
   &transEnergy [&Type "Double"]       1.4162714244859817e-03
   &rotEnergy [&Type "Double"]       1.4162714244859817e-03
   &vibEnergy [&Type "Double"]       1.8581531066287184e-03
   &numOfFreqs [&Type "Integer"] 18
   &freqScalingFactor [&Type "Double"]       1.0000000000000000e+00
   &FREQ [&Type "ArrayOfDoubles", &Units "cm^-1", &Dim (18,1)] 
                                                         0

0                                      0.0000000000000000e+00
1                                      0.0000000000000000e+00
2                                      0.0000000000000000e+00
3                                      0.0000000000000000e+00
4                                      0.0000000000000000e+00
5                                      0.0000000000000000e+00
6                                     -3.4545337697974327e+02
7                                      1.7740016863827694e+02
8                                      1.9631796101458397e+02
9                                      1.9632519215240089e+02
10                                     9.9834200850938169e+02
11                                     1.0056453941934184e+03
12                                     1.0057055707610473e+03
13                                     1.3420635089150994e+03
14                                     1.3421777538766830e+03
15                                     3.1068581210234320e+03
16                                     3.1962074296887004e+03
17                                     3.1962336927948240e+03
   &zpe [&Type "Double"]       3.5911386944770612e-02
   &innerEnergyU [&Type "Double"]      -1.2231184810379631e+01
   &enthalpyH [&Type "Double"]      -1.2230240601337371e+01
   &qEl [&Type "Double"]       0.0000000000000000e+00
   &qRot [&Type "Double"]       1.1229500392227500e-02
   &qVib [&Type "Double"]       3.3302496060245998e-03
   &qTrans [&Type "Double"]       1.9683005332529695e-02
   &entropyS [&Type "Double"]       3.4242755330781798e-02
   &freeEnergyG [&Type "Double"]      -1.2264483356668153e+01
   &isLinear [&Type "Boolean"] false
$End
$Geometry
   &GeometryIndex 7
   &NAtoms [&Type "Integer"] 6
   &NCorelessECP [&Type "Integer"] 0
   &NGhostAtoms [&Type "Integer"] 0
   &CartesianCoordinates [&Type "Coordinates", &Dim(6,4), &Units "Bohr"] 
              C     -0.000000098419    0.000013814108    0.069800354624
              H     -0.000000187804    2.016016957578    0.139414526703
              H      1.745916173809   -1.007972277067    0.139415549275
              H     -1.745916403830   -1.007972193012    0.139415664440
              Cl     0.000000249995   -0.000045623656    4.353769415143
              I      0.000000266250   -0.000040677950   -4.772651533684
$End
$Single_Point_Data
   &GeometryIndex 7
   &FinalEnergy [&Type "Double"]      -1.2272073698830001e+01  "Final single point energy"
   &Converged [&Type "Boolean"] true
$End
$Geometry
   &GeometryIndex 8
   &NAtoms [&Type "Integer"] 6
   &NCorelessECP [&Type "Integer"] 0
   &NGhostAtoms [&Type "Integer"] 0
   &CartesianCoordinates [&Type "Coordinates", &Dim(6,4), &Units "Bohr"] 
              C      0.000000013090    0.000000620116    0.075443136564
              H     -0.000000002361    2.014160176682    0.145532807882
              H      1.744313703895   -1.007078514349    0.145530446598
              H     -1.744313702243   -1.007078510669    0.145530458466
              Cl    -0.000000014931   -0.000000368841    4.329542557407
              I      0.000000002550   -0.000003402938   -4.772415430415
$End
$Single_Point_Data
   &GeometryIndex 8
   &FinalEnergy [&Type "Double"]      -1.2272091169999999e+01  "Final single point energy"
   &Converged [&Type "Boolean"] true
$End
$Geometry
   &GeometryIndex 9
   &NAtoms [&Type "Integer"] 6
   &NCorelessECP [&Type "Integer"] 0
   &NGhostAtoms [&Type "Integer"] 0
   &CartesianCoordinates [&Type "Coordinates", &Dim(6,4), &Units "Bohr"] 
              C      0.000000012589    0.000000167926    0.076467756550
              H      0.000000007006    2.014241487463    0.144897346044
              H      1.744384194123   -1.007120351844    0.144897855516
              H     -1.744384179344   -1.007120351402    0.144897858067
              Cl    -0.000000025034    0.000000517019    4.331271870149
              I     -0.000000009340   -0.000001469162   -4.773268709826
$End
$Single_Point_Data
   &GeometryIndex 9
   &FinalEnergy [&Type "Double"]      -1.2272091358500001e+01  "Final single point energy"
   &Converged [&Type "Boolean"] true
$End
$Hessian
   &GeometryIndex 9
   &HESSIAN [&Type "ArrayOfDoubles", &Dim (18,18)] "The Hessian"
                                                         0                           1                           2                           3                           4                           5                           6                           7

0                                      5.9294660700000001e-01        -1.2100000000000001e-08        -2.1239999999999999e-06        -4.1272591700000000e-02        -1.5849000000000001e-06         6.9800000000000003e-08        -2.6370016639999999e-01         1.2842011570000000e-01
1                                     -1.2100000000000001e-08         5.9295037480000001e-01         5.4442000000000003e-06        -1.5913999999999999e-06        -3.3784011749999998e-01        -1.1858725500000000e-02         1.2842632500000001e-01        -1.1542241020000001e-01
2                                     -2.1239999999999999e-06         5.4442000000000003e-06        -4.9951860600000002e-02         5.5600000000000002e-08        -1.0758694100000001e-02        -2.6182965000000002e-03        -9.3224949000000005e-03         5.3699521000000004e-03
3                                     -4.1272591700000000e-02        -1.5913999999999999e-06         5.5600000000000002e-08         4.0952207900000002e-02         1.7155999999999999e-06         4.7899999999999999e-08        -1.7764429999999999e-04         2.3746337400000001e-02
4                                     -1.5849000000000001e-06        -3.3784011749999998e-01        -1.0758694100000001e-02         1.7155999999999999e-06         3.6291509370000002e-01         9.6053002999999994e-03        -2.4557859999999997e-04        -1.3756352600000001e-02
5                                      6.9800000000000003e-08        -1.1858725500000000e-02        -2.6182965000000002e-03         4.7899999999999999e-08         9.6053002999999994e-03         3.9761846099999998e-02         2.2996040000000000e-04         9.5080770000000004e-04
6                                     -2.6370016639999999e-01         1.2842632500000001e-01        -9.3224949000000005e-03        -1.7764429999999999e-04        -2.4557859999999997e-04         2.2996040000000000e-04         2.8240471340000001e-01        -1.3942643350000000e-01
7                                      1.2842011570000000e-01        -1.1542241020000001e-01         5.3699521000000004e-03         2.3746337400000001e-02        -1.3756352600000001e-02         9.5080770000000004e-04        -1.3942643350000000e-01         1.2145867120000001e-01
8                                     -1.0268830000000000e-02         5.9300743000000001e-03        -2.6179680000000000e-03         9.4043860000000003e-04        -2.7578850000000002e-04        -6.7367100000000004e-04         8.3179269999999993e-03        -4.8027390999999999e-03
9                                     -2.6370271989999999e-01        -1.2842472450000000e-01         9.3242848000000007e-03        -1.7789320000000000e-04         2.4542489999999998e-04        -2.2994870000000000e-04        -2.0510186600000001e-02        -1.1985202600000000e-02
10                                    -1.2841852390000000e-01        -1.1541971790000000e-01         5.3707262000000002e-03        -2.3746470900000000e-02        -1.3756108800000000e-02         9.5097669999999999e-04         1.1985484899999999e-02         6.6201118000000000e-03
11                                     1.0270708599999999e-02         5.9308266000000004e-03        -2.6180283000000002e-03        -9.4044379999999996e-04        -2.7576690000000002e-04        -6.7366620000000002e-04        -7.0868639999999996e-04        -6.7708540000000004e-04
12                                    -1.2589558299999999e-02         8.5000000000000000e-09         1.2200000000000001e-07         4.1530410000000000e-04         5.4999999999999996e-09        -1.9499999999999999e-08         8.1896539999999998e-04        -2.3302720000000000e-04
13                                     2.7999999999999998e-09        -1.2588410499999999e-02         6.7488999999999999e-06         3.4100000000000001e-08         9.6368400000000002e-04         9.0465731999999997e-03        -2.2529860000000001e-04         5.4324310000000004e-04
14                                     9.9999999999999995e-08        -1.1601400000000000e-05         2.7590079800000000e-02        -5.4300000000000003e-08         2.9345750000000001e-04        -1.8326642500000000e-02         2.6437269999999999e-04        -1.2929780000000001e-04
15                                    -1.1681570600000000e-02        -5.5999999999999997e-09         1.5650000000000001e-07         2.6061720000000000e-04         1.7400000000000000e-08        -1.0990000000000000e-07         1.1643184000000000e-03        -5.2178979999999999e-04
16                                     2.4000000000000000e-09        -1.1679718699999999e-02         5.8226000000000000e-06        -2.4900000000000001e-08         1.4738012999999999e-03        -8.6949322999999995e-03        -5.1449920000000004e-04         5.5673669999999997e-04
17                                     7.5499999999999994e-08         3.9817999999999997e-06         3.0216073499999999e-02        -4.4099999999999998e-08         1.4114918000000000e-03        -1.7469569899999999e-02         1.2189212000000000e-03        -7.1163759999999998e-04
                                                         8                           9                          10                          11                          12                          13                          14                          15

0                                     -1.0268830000000000e-02        -2.6370271989999999e-01        -1.2841852390000000e-01         1.0270708599999999e-02        -1.2589558299999999e-02         2.7999999999999998e-09         9.9999999999999995e-08        -1.1681570600000000e-02
1                                      5.9300743000000001e-03        -1.2842472450000000e-01        -1.1541971790000000e-01         5.9308266000000004e-03         8.5000000000000000e-09        -1.2588410499999999e-02        -1.1601400000000000e-05        -5.5999999999999997e-09
2                                     -2.6179680000000000e-03         9.3242848000000007e-03         5.3707262000000002e-03        -2.6180283000000002e-03         1.2200000000000001e-07         6.7488999999999999e-06         2.7590079800000000e-02         1.5650000000000001e-07
3                                      9.4043860000000003e-04        -1.7789320000000000e-04        -2.3746470900000000e-02        -9.4044379999999996e-04         4.1530410000000000e-04         3.4100000000000001e-08        -5.4300000000000003e-08         2.6061720000000000e-04
4                                     -2.7578850000000002e-04         2.4542489999999998e-04        -1.3756108800000000e-02        -2.7576690000000002e-04         5.4999999999999996e-09         9.6368400000000002e-04         2.9345750000000001e-04         1.7400000000000000e-08
5                                     -6.7367100000000004e-04        -2.2994870000000000e-04         9.5097669999999999e-04        -6.7366620000000002e-04        -1.9499999999999999e-08         9.0465731999999997e-03        -1.8326642500000000e-02        -1.0990000000000000e-07
6                                      8.3179269999999993e-03        -2.0510186600000001e-02         1.1985484899999999e-02        -7.0868639999999996e-04         8.1896539999999998e-04        -2.2529860000000001e-04         2.6437269999999999e-04         1.1643184000000000e-03
7                                     -4.8027390999999999e-03        -1.1985202600000000e-02         6.6201118000000000e-03        -6.7708540000000004e-04        -2.3302720000000000e-04         5.4324310000000004e-04        -1.2929780000000001e-04        -5.2178979999999999e-04
8                                      3.9759179800000002e-02         7.0883260000000005e-04        -6.7716870000000004e-04        -6.7091959999999995e-04         7.8319446999999993e-03        -4.5225452999999999e-03        -1.8327240799999998e-02        -7.5303130000000003e-03
9                                      7.0883260000000005e-04         2.8240752600000002e-01         1.3942471530000000e-01        -8.3196798000000002e-03         8.1891099999999997e-04         2.2526430000000000e-04        -2.6447359999999997e-04         1.1643628000000000e-03
10                                    -6.7716870000000004e-04         1.3942471530000000e-01         1.2145575000000000e-01        -4.8036308000000000e-03         2.3302199999999999e-04         5.4323860000000002e-04        -1.2928810000000001e-04         5.2177250000000005e-04
11                                    -6.7091959999999995e-04        -8.3196798000000002e-03        -4.8036308000000000e-03         3.9759288900000002e-02        -7.8321250000000005e-03        -4.5224452999999996e-03        -1.8327217100000001e-02         7.5302262999999998e-03
12                                     7.8319446999999993e-03         8.1891099999999997e-04         2.3302199999999999e-04        -7.8321250000000005e-03         8.5981614999999997e-03        -5.1000000000000002e-09         1.5820000000000000e-07         1.9382163000000001e-03
13                                    -4.5225452999999999e-03         2.2526430000000000e-04         5.4323860000000002e-04        -4.5224452999999996e-03        -5.1000000000000002e-09         8.5999722999999997e-03        -1.2455500000000000e-05         2.6000000000000001e-09
14                                    -1.8327240799999998e-02        -2.6447359999999997e-04        -1.2928810000000001e-04        -1.8327217100000001e-02         1.5820000000000000e-07        -1.2455500000000000e-05         5.2819202199999998e-02        -1.0310000000000000e-07
15                                    -7.5303130000000003e-03         1.1643628000000000e-03         5.2177250000000005e-04         7.5302262999999998e-03         1.9382163000000001e-03         2.6000000000000001e-09        -1.0310000000000000e-07         7.1540559999999998e-03
16                                     4.3481672000000001e-03         5.1452249999999996e-04         5.5672630000000000e-04         4.3481018000000003e-03        -3.7000000000000000e-09         1.9382726000000000e-03        -1.0814600000000000e-05         2.8999999999999999e-09
17                                    -1.7469380400000002e-02        -1.2190153000000000e-03        -7.1161540000000000e-04        -1.7469457800000001e-02        -8.0500000000000000e-08         4.1239999999999998e-06        -2.5428181500000001e-02         1.4310000000000000e-07
                                                        16                          17

0                                      2.4000000000000000e-09         7.5499999999999994e-08
1                                     -1.1679718699999999e-02         3.9817999999999997e-06
2                                      5.8226000000000000e-06         3.0216073499999999e-02
3                                     -2.4900000000000001e-08        -4.4099999999999998e-08
4                                      1.4738012999999999e-03         1.4114918000000000e-03
5                                     -8.6949322999999995e-03        -1.7469569899999999e-02
6                                     -5.1449920000000004e-04         1.2189212000000000e-03
7                                      5.5673669999999997e-04        -7.1163759999999998e-04
8                                      4.3481672000000001e-03        -1.7469380400000002e-02
9                                      5.1452249999999996e-04        -1.2190153000000000e-03
10                                     5.5672630000000000e-04        -7.1161540000000000e-04
11                                     4.3481018000000003e-03        -1.7469457800000001e-02
12                                    -3.7000000000000000e-09        -8.0500000000000000e-08
13                                     1.9382726000000000e-03         4.1239999999999998e-06
14                                    -1.0814600000000000e-05        -2.5428181500000001e-02
15                                     2.8999999999999999e-09         1.4310000000000000e-07
16                                     7.1541818000000002e-03         3.6554000000000002e-06
17                                     3.6554000000000002e-06         4.7620516000000002e-02
   &MODES [&Type "ArrayOfDoubles", &Dim (18,18)] "The modes of vibrations"
                                                         0                           1                           2                           3                           4                           5                           6                           7

0                                      0.0000000000000000e+00         0.0000000000000000e+00         0.0000000000000000e+00         0.0000000000000000e+00         0.0000000000000000e+00         0.0000000000000000e+00        -9.2101222367653340e-07         8.5665432086904584e-07
1                                      0.0000000000000000e+00         0.0000000000000000e+00         0.0000000000000000e+00         0.0000000000000000e+00         0.0000000000000000e+00         0.0000000000000000e+00        -4.5602183292233321e-05         1.3919935170721058e-03
2                                      0.0000000000000000e+00         0.0000000000000000e+00         0.0000000000000000e+00         0.0000000000000000e+00         0.0000000000000000e+00         0.0000000000000000e+00        -2.7639678384547822e-01        -3.3488252510044156e-02
3                                      0.0000000000000000e+00         0.0000000000000000e+00         0.0000000000000000e+00         0.0000000000000000e+00         0.0000000000000000e+00         0.0000000000000000e+00        -4.3571011252395020e-08         8.3089770701327449e-07
4                                      0.0000000000000000e+00         0.0000000000000000e+00         0.0000000000000000e+00         0.0000000000000000e+00         0.0000000000000000e+00         0.0000000000000000e+00        -8.1182775878681831e-03         1.6594100918179164e-03
5                                      0.0000000000000000e+00         0.0000000000000000e+00         0.0000000000000000e+00         0.0000000000000000e+00         0.0000000000000000e+00         0.0000000000000000e+00         7.4572508125472659e-03        -5.2240370270955398e-02
6                                      0.0000000000000000e+00         0.0000000000000000e+00         0.0000000000000000e+00         0.0000000000000000e+00         0.0000000000000000e+00         0.0000000000000000e+00        -7.0168500563662656e-03         2.5209146069895123e-04
7                                      0.0000000000000000e+00         0.0000000000000000e+00         0.0000000000000000e+00         0.0000000000000000e+00         0.0000000000000000e+00         0.0000000000000000e+00         3.9366119265471476e-03         1.3536736675827789e-03
8                                      0.0000000000000000e+00         0.0000000000000000e+00         0.0000000000000000e+00         0.0000000000000000e+00         0.0000000000000000e+00         0.0000000000000000e+00         7.4581798320680608e-03        -5.2331031420193852e-02
9                                      0.0000000000000000e+00         0.0000000000000000e+00         0.0000000000000000e+00         0.0000000000000000e+00         0.0000000000000000e+00         0.0000000000000000e+00         7.0168699071612873e-03        -2.5046623116785712e-04
10                                     0.0000000000000000e+00         0.0000000000000000e+00         0.0000000000000000e+00         0.0000000000000000e+00         0.0000000000000000e+00         0.0000000000000000e+00         3.9366736896750956e-03         1.3536529026036243e-03
11                                     0.0000000000000000e+00         0.0000000000000000e+00         0.0000000000000000e+00         0.0000000000000000e+00         0.0000000000000000e+00         0.0000000000000000e+00         7.4586395988803693e-03        -5.2330871790376786e-02
12                                     0.0000000000000000e+00         0.0000000000000000e+00         0.0000000000000000e+00         0.0000000000000000e+00         0.0000000000000000e+00         0.0000000000000000e+00         1.6377678847837586e-07        -1.9297460444764999e-07
13                                     0.0000000000000000e+00         0.0000000000000000e+00         0.0000000000000000e+00         0.0000000000000000e+00         0.0000000000000000e+00         0.0000000000000000e+00         1.1976604488066526e-05        -3.1773373193086661e-04
14                                     0.0000000000000000e+00         0.0000000000000000e+00         0.0000000000000000e+00         0.0000000000000000e+00         0.0000000000000000e+00         0.0000000000000000e+00         3.8547691475951086e-02        -1.4325965018077844e-01
15                                     0.0000000000000000e+00         0.0000000000000000e+00         0.0000000000000000e+00         0.0000000000000000e+00         0.0000000000000000e+00         0.0000000000000000e+00         4.1606062368509183e-08        -4.6678665503944905e-08
16                                     0.0000000000000000e+00         0.0000000000000000e+00         0.0000000000000000e+00         0.0000000000000000e+00         0.0000000000000000e+00         0.0000000000000000e+00         2.9162582508014421e-06        -7.7669745395653138e-05
17                                     0.0000000000000000e+00         0.0000000000000000e+00         0.0000000000000000e+00         0.0000000000000000e+00         0.0000000000000000e+00         0.0000000000000000e+00         1.5213691111628843e-02         4.4439474156238418e-02
                                                         8                           9                          10                          11                          12                          13                          14                          15

0                                      2.3952027152419780e-01         3.1680235910742206e-04        -6.3613935416494364e-08        -9.8237696707899388e-03         2.6531493311524513e-08        -1.2595038452973902e-05        -9.2843507376462006e-02        -4.8389053235873269e-08
1                                      3.1679344000155922e-04        -2.3951779440061075e-01        -8.1017705204924428e-06        -7.1151387436397820e-08        -9.8150313277859651e-03        -9.2836891496445015e-02         1.2587683750232687e-05         2.2561791239691225e-05
2                                     -5.3182055095283598e-07        -1.3427154589789686e-04        -9.2762898415720430e-03         1.7007755747333345e-07        -1.0961868307227733e-06        -1.9475720739071543e-05         2.8233340597176139e-07        -4.1159873895524274e-03
3                                      2.4942981279027523e-01         3.2990860956995225e-04         2.2048602628889601e-06         6.1138959947889655e-02        -1.7269584308450605e-06         9.9561646063038236e-05         7.6518432008428516e-01         1.8434778490213477e-08
4                                      3.2091690087061061e-04        -2.4265742465100162e-01        -1.5494975314198758e-02        -1.9017674395616585e-07         1.8843273750572574e-02        -5.5728967500891478e-02         3.2701045375311109e-06         5.7465104055739524e-01
5                                      1.3794825751207358e-05        -1.0939123043762317e-02         5.6738904645371280e-01        -8.8879341532222815e-06        -8.0922306158114532e-01         6.5198137927305944e-02        -1.1080708665072727e-05         1.5414781351083776e-02
6                                      2.4434955103356729e-01        -2.6167165680566168e-03        -1.3395133533171807e-02         2.9405108911134372e-02         1.8311759698120780e-02         3.5558532250459940e-01         1.4942010813553841e-01         4.9780039673179810e-01
7                                      3.2636415166096429e-03        -2.4771230005902548e-01         7.7784012142573817e-03         1.8320214396179764e-02         5.0542031185386818e-02         5.5995173271098908e-01         3.5541229989859313e-01        -2.8750141703361282e-01
8                                      9.1812315503634091e-03         5.0133696883004567e-03         5.6750635689133533e-01        -7.0075517611523697e-01         4.0452943758382603e-01        -3.2628682146735595e-02         5.6514861231474284e-02         1.5424673784790689e-02
9                                      2.4434163831491323e-01         3.2630792629298271e-03         1.3399338881621118e-02         2.9409510497944470e-02        -1.8310222942800103e-02        -3.5554061027058698e-01         1.4950867110325664e-01        -4.9779998555086158e-01
10                                    -2.6083371947165962e-03        -2.4772012979532210e-01         7.7782832186932141e-03        -1.8320037414661743e-02         5.0544914667458946e-02         5.5986257952046448e-01        -3.5555984674720553e-01        -2.8750120092459325e-01
11                                    -9.1958903919093660e-03         4.9886891168494643e-03         5.6751280425961104e-01         7.0075569666275417e-01         4.0451913745983864e-01        -3.2640818710018824e-02        -5.6507331906082453e-02         1.5428195077088706e-02
12                                    -5.4460784078695396e-02        -7.2030606230688045e-05        -1.2197241329445670e-07        -7.7041365981963313e-03         5.4243628519399160e-08         1.2319399609660813e-07         1.0270973670865118e-03        -1.7044844553679757e-08
13                                    -7.2029799429185960e-05         5.4459700616135101e-02        -2.4042980412757118e-07        -4.4499694652308275e-08        -7.7053752701945069e-03         1.0260314662368856e-03        -1.4908366590684720e-07         1.2558083728182719e-06
14                                     1.7764811011326032e-06        -8.4402988557411701e-04        -2.3643861011476534e-02         1.2106983791957952e-07         3.6967779989877674e-06         1.2297288428029664e-05        -5.2504499745905731e-10        -3.4573674104880676e-05
15                                    -1.3318406410488686e-02        -1.7616182249183188e-05        -1.0820610209404118e-08         2.1293525952709863e-03        -1.6154802145858022e-08         1.1689038605305218e-08         4.8098345356193573e-05         5.9293865372515276e-09
16                                    -1.7615165652021858e-05         1.3318227233595633e-02         3.4382609823118421e-07         1.9271456081629410e-08         2.1290571266508848e-03         4.7990407430239184e-05        -3.7371811603709346e-09         3.0636856734085696e-07
17                                    -4.3910921922706036e-07         2.5595498678928372e-04        -6.0391186094444190e-03         1.6542436742432915e-08         4.5694924669939165e-07        -1.0253668396995567e-06         1.6335872385327353e-09         3.1718468000690681e-05
                                                        16                          17

0                                     -4.1118168882421707e-05         9.3261392052324713e-02
1                                     -9.3264857471695009e-02        -4.1129565902889530e-05
2                                     -5.4616029093527113e-07        -3.1208787622037569e-07
3                                     -1.1595027816265338e-05         3.5945945820956664e-02
4                                      7.6848180044583070e-01         3.3480263332914096e-04
5                                      2.4134416311722393e-02         1.0388004523589725e-05
6                                     -3.4793145386627639e-01        -5.6744826897863720e-01
7                                      1.6495549740612753e-01         3.4835809088979486e-01
8                                     -1.2053673462712166e-02        -2.0899776770769166e-02
9                                      3.4842749792671213e-01        -5.6714865454106544e-01
10                                     1.6525527356954328e-01        -3.4820845075086609e-01
11                                    -1.2074298653813372e-02         2.0893215365947383e-02
12                                     9.2149323814026238e-08        -1.8403759371307343e-04
13                                     1.8405441024850656e-04         6.7932297920834711e-08
14                                    -2.5111578947954016e-08        -1.2071599599877058e-09
15                                     1.7956907716857896e-08        -4.8839319229512817e-05
16                                     4.8832230836200343e-05         2.5851047007876221e-08
17                                     7.5213814375414208e-09        -5.1952384615001778e-10
$End
$THERMOCHEMISTRY_Energies
   &GeometryIndex 9
   &temperature [&Type "Double"]       2.9814999999999998e+02
   &pressure [&Type "Double"]       1.0000000000000000e+00
   &totalMass [&Type "Double"]       1.7738800000000001e+02
   &spinDegeneracy [&Type "Integer"] 1
   &elEnergy [&Type "Double"]      -1.2272091358500001e+01
   &transEnergy [&Type "Double"]       1.4162714244859817e-03
   &rotEnergy [&Type "Double"]       1.4162714244859817e-03
   &vibEnergy [&Type "Double"]       1.8301464455528782e-03
   &numOfFreqs [&Type "Integer"] 18
   &freqScalingFactor [&Type "Double"]       1.0000000000000000e+00
   &FREQ [&Type "ArrayOfDoubles", &Units "cm^-1", &Dim (18,1)] 
                                                         0

0                                      0.0000000000000000e+00
1                                      0.0000000000000000e+00
2                                      0.0000000000000000e+00
3                                      0.0000000000000000e+00
4                                      0.0000000000000000e+00
5                                      0.0000000000000000e+00
6                                     -3.5160660908173901e+02
7                                      1.8732986737609795e+02
8                                      1.9795183294849761e+02
9                                      1.9796410153984718e+02
10                                     1.0131967824553608e+03
11                                     1.0245488319111325e+03
12                                     1.0246209808868889e+03
13                                     1.3359859160887486e+03
14                                     1.3360680907410733e+03
15                                     3.1418953778124933e+03
16                                     3.2322806042280454e+03
17                                     3.2323181210964244e+03
   &zpe [&Type "Double"]       3.6277906994798943e-02
   &innerEnergyU [&Type "Double"]      -1.2231150762210678e+01
   &enthalpyH [&Type "Double"]      -1.2230206553168419e+01
   &qEl [&Type "Double"]       0.0000000000000000e+00
   &qRot [&Type "Double"]       1.1209094764200494e-02
   &qVib [&Type "Double"]       3.2616594694141144e-03
   &qTrans [&Type "Double"]       1.9683005332529695e-02
   &entropyS [&Type "Double"]       3.4153759566144304e-02
   &freeEnergyG [&Type "Double"]      -1.2264360312734564e+01
   &isLinear [&Type "Boolean"] false
$End
$Calculation_Info
   &GeometryIndex 9
   &Mult [&Type "Integer"] 1
   &Charge [&Type "Integer"] -1
   &NumOfAtoms [&Type "Integer"] 6
   &NumOfElectrons [&Type "Integer"] 0
   &NumOfBasisFuncts [&Type "Integer"] 0
   &NumOfAuxCBasisFuncts [&Type "Integer"] 0
   &NumOfAuxJBasisFuncts [&Type "Integer"] 0
   &NumOfAuxJKBasisFuncts [&Type "Integer"] 0
   &NumOfCABSBasisFuncts [&Type "Integer"] 0
$End
$Calculation_Timings
   &GeometryIndex 9
   &GSTEP [&Type "Double"]       2.9617000000000504e-02
   &XTB [&Type "Double"]       1.7288730000000003e+00
   &XTBGRAD [&Type "Double"]       3.7820000000001741e-03
   &SUM [&Type "Double"]       1.7622720000000009e+00
$End
