*************************************************
******************* ORCA 6.1.0 ******************
*************************************************
$Calculation_Status
   &GeometryIndex 0
   &version [&Type "String"] "6.1.0"
   &progName [&Type "String"] "orca"
   &Status [&Type "String"] "NORMAL TERMINATION"
$End
$Geometry
   &GeometryIndex 1
   &NAtoms [&Type "Integer"] 6
   &NCorelessECP [&Type "Integer"] 0
   &NGhostAtoms [&Type "Integer"] 0
   &CartesianCoordinates [&Type "Coordinates", &Dim(6,4), &Units "Bohr"] 
              C      0.000000000000    0.000000000000   -0.079973209988
              H      0.000000000000    2.050352855305    0.000000000000
              H      1.775658485025   -1.025176427652    0.000000000000
              H     -1.775658485025   -1.025176427652    0.000000000000
              Cl     0.000000000000    0.000000000000    4.629224315744
              Br     0.000000000000    0.000000000000   -4.589237710750
$End
$Single_Point_Data
   &GeometryIndex 1
   &FinalEnergy [&Type "Double"]      -1.2538914668240000e+01  "Final single point energy"
   &Converged [&Type "Boolean"] true
$End
$Hessian
   &GeometryIndex 1
   &HESSIAN [&Type "ArrayOfDoubles", &Dim (18,18)] "The Hessian"
                                                         0                           1                           2                           3                           4                           5                           6                           7

0                                      5.3548014529999999e-01        -4.6999999999999999e-09        -1.9570000000000001e-06        -4.4552484000000003e-02        -1.3645000000000000e-06         5.9599999999999998e-08        -2.3417499280000001e-01         1.0947984420000000e-01
1                                     -4.6999999999999999e-09         5.3548240650000001e-01        -2.5523000000000001e-06        -1.3596000000000001e-06        -2.9737984979999998e-01        -1.0810629800000001e-02         1.0948654300000001e-01        -1.0776574820000000e-01
2                                     -1.9570000000000001e-06        -2.5523000000000001e-06        -3.1351842800000002e-02         8.4200000000000000e-08        -1.0478931800000001e-02        -1.1085278200000000e-02        -9.0728022000000005e-03         5.2424055000000001e-03
3                                     -4.4552484000000003e-02        -1.3596000000000001e-06         8.4200000000000000e-08         4.2462485400000000e-02         1.5178999999999999e-06         4.4700000000000003e-08         9.5294029999999999e-04         2.3965548499999999e-02
4                                     -1.3645000000000000e-06        -2.9737984979999998e-01        -1.0478931800000001e-02         1.5178999999999999e-06         3.2101124580000001e-01         1.3157370599999999e-02        -5.1142729999999995e-04        -1.2599430000000000e-02
5                                      5.9599999999999998e-08        -1.0810629800000001e-02        -1.1085278200000000e-02         4.4700000000000003e-08         1.3157370599999999e-02         3.6074958099999999e-02         3.9896529999999998e-04         1.6383671000000000e-03
6                                     -2.3417499280000001e-01         1.0948654300000001e-01        -9.0728022000000005e-03         9.5294029999999999e-04        -5.1142729999999995e-04         3.9896529999999998e-04         2.5135314770000000e-01        -1.2062830660000000e-01
7                                      1.0947984420000000e-01        -1.0776574820000000e-01         5.2424055000000001e-03         2.3965548499999999e-02        -1.2599430000000000e-02         1.6383671000000000e-03        -1.2062830660000000e-01         1.1211479140000000e-01
8                                     -9.3613627000000005e-03         5.4041747000000001e-03        -1.1085355900000000e-02         1.6171496000000000e-03        -4.7365370000000001e-04         4.3889830000000001e-04         1.1394955000000000e-02        -6.5776130000000004e-03
9                                     -2.3417715040000001e-01        -1.0948517680000000e-01         9.0744091999999995e-03         9.5265789999999996e-04         5.1128269999999997e-04        -3.9895030000000001e-04        -1.9337967200000000e-02        -1.2226736699999999e-02
10                                    -1.0947847989999999e-01        -1.0776345480000001e-01         5.2430458999999999e-03        -2.3965692100000002e-02        -1.2599199700000001e-02         1.6385416000000001e-03         1.2226998899999999e-02         7.7369387999999999e-03
11                                     9.3629768000000006e-03         5.4048179999999996e-03        -1.1085466000000000e-02        -1.6171638000000001e-03        -4.7363700000000001e-04         4.3890969999999999e-04        -1.2182141000000000e-03        -1.1626150999999999e-03
12                                    -1.0199934200000000e-02         3.3999999999999998e-09         1.2630000000000001e-07         3.2830169999999999e-04        -2.1000000000000002e-09        -6.7999999999999997e-09         9.9895299999999991e-04        -3.8718880000000001e-04
13                                     2.2999999999999999e-09        -1.0198843100000000e-02        -1.9727000000000002e-06         2.1299999999999999e-08         1.2322644000000000e-03         5.0327002999999999e-03        -3.7891640000000000e-04         5.4593980000000001e-04
14                                     1.5209999999999999e-07        -3.2525000000000002e-06         3.2456283400000001e-02        -5.0099999999999999e-08        -3.3246010000000001e-04        -9.4853640999999992e-03        -2.8500079999999999e-04         1.7119940000000000e-04
15                                    -1.2375583799999999e-02        -5.4000000000000004e-09         1.3950000000000000e-07        -1.4390130000000001e-04        -6.6999999999999996e-09        -1.1240000000000000e-07         2.0791890000000001e-04        -2.0316059999999999e-04
16                                     2.7000000000000002e-09        -1.2374510599999999e-02        -1.9945000000000001e-06        -3.6099999999999999e-08         3.3496920000000003e-04        -1.0656349900000001e-02        -1.9489160000000000e-04        -3.2491800000000000e-05
17                                     1.3120000000000001e-07         7.4418999999999998e-06         3.2151659399999998e-02        -6.4599999999999996e-08        -1.3986879999999999e-03        -1.6382123799999999e-02        -1.2179031000000000e-03         6.8825609999999997e-04
                                                         8                           9                          10                          11                          12                          13                          14                          15

0                                     -9.3613627000000005e-03        -2.3417715040000001e-01        -1.0947847989999999e-01         9.3629768000000006e-03        -1.0199934200000000e-02         2.2999999999999999e-09         1.5209999999999999e-07        -1.2375583799999999e-02
1                                      5.4041747000000001e-03        -1.0948517680000000e-01        -1.0776345480000001e-01         5.4048179999999996e-03         3.3999999999999998e-09        -1.0198843100000000e-02        -3.2525000000000002e-06        -5.4000000000000004e-09
2                                     -1.1085355900000000e-02         9.0744091999999995e-03         5.2430458999999999e-03        -1.1085466000000000e-02         1.2630000000000001e-07        -1.9727000000000002e-06         3.2456283400000001e-02         1.3950000000000000e-07
3                                      1.6171496000000000e-03         9.5265789999999996e-04        -2.3965692100000002e-02        -1.6171638000000001e-03         3.2830169999999999e-04         2.1299999999999999e-08        -5.0099999999999999e-08        -1.4390130000000001e-04
4                                     -4.7365370000000001e-04         5.1128269999999997e-04        -1.2599199700000001e-02        -4.7363700000000001e-04        -2.1000000000000002e-09         1.2322644000000000e-03        -3.3246010000000001e-04        -6.6999999999999996e-09
5                                      4.3889830000000001e-04        -3.9895030000000001e-04         1.6385416000000001e-03         4.3890969999999999e-04        -6.7999999999999997e-09         5.0327002999999999e-03        -9.4853640999999992e-03        -1.1240000000000000e-07
6                                      1.1394955000000000e-02        -1.9337967200000000e-02         1.2226998899999999e-02        -1.2182141000000000e-03         9.9895299999999991e-04        -3.7891640000000000e-04        -2.8500079999999999e-04         2.0791890000000001e-04
7                                     -6.5776130000000004e-03        -1.2226736699999999e-02         7.7369387999999999e-03        -1.1626150999999999e-03        -3.8718880000000001e-04         5.4593980000000001e-04         1.7119940000000000e-04        -2.0316059999999999e-04
8                                      3.6074997300000002e-02         1.2183426000000001e-03        -1.1627085000000001e-03         4.3891330000000002e-04         4.3590176000000000e-03        -2.5174012999999999e-03        -9.4853766999999992e-03        -9.2281020999999998e-03
9                                      1.2183426000000001e-03         2.5135551410000001e-01         1.2062681510000001e-01        -1.1396530000000000e-02         9.9894219999999991e-04         3.7889210000000001e-04         2.8492669999999998e-04         2.0800340000000001e-04
10                                    -1.1627085000000001e-03         1.2062681510000001e-01         1.1211227980000001e-01        -6.5783344000000001e-03         3.8719079999999999e-04         5.4593179999999999e-04         1.7120850000000001e-04         2.0316719999999999e-04
11                                     4.3891330000000002e-04        -1.1396530000000000e-02        -6.5783344000000001e-03         3.6075154399999997e-02        -4.3591135999999997e-03        -2.5173474999999998e-03        -9.4853460000000004e-03         9.2280447999999998e-03
12                                     4.3590176000000000e-03         9.9894219999999991e-04         3.8719079999999999e-04        -4.3591135999999997e-03         5.5105885999999996e-03        -1.8000000000000000e-09         3.6300000000000001e-08         2.3631487000000000e-03
13                                    -2.5174012999999999e-03         3.7889210000000001e-04         5.4593179999999999e-04        -2.5173474999999998e-03        -1.8000000000000000e-09         5.5110697999999998e-03        -3.3345000000000000e-06         2.4000000000000000e-09
14                                    -9.4853766999999992e-03         2.8492669999999998e-04         1.7120850000000001e-04        -9.4853460000000004e-03         3.6300000000000001e-08        -3.3345000000000000e-06         1.4113413100000000e-02        -6.4300000000000000e-08
15                                    -9.2281020999999998e-03         2.0800340000000001e-04         2.0316719999999999e-04         9.2280447999999998e-03         2.3631487000000000e-03         2.4000000000000000e-09        -6.4300000000000000e-08         9.7404141000000007e-03
16                                     5.3272019000000000e-03         1.9492350000000001e-04        -3.2495900000000002e-05         5.3271159999999998e-03        -1.5000000000000000e-09         2.3636372000000001e-03        -3.3608000000000001e-06         3.1000000000000000e-09
17                                    -1.6382076299999999e-02         1.2178019000000000e-03         6.8824689999999998e-04        -1.6382165399999999e-02        -5.9800000000000006e-08         7.3557999999999999e-06        -1.8113609700000002e-02         9.4500000000000006e-08
                                                        16                          17

0                                      2.7000000000000002e-09         1.3120000000000001e-07
1                                     -1.2374510599999999e-02         7.4418999999999998e-06
2                                     -1.9945000000000001e-06         3.2151659399999998e-02
3                                     -3.6099999999999999e-08        -6.4599999999999996e-08
4                                      3.3496920000000003e-04        -1.3986879999999999e-03
5                                     -1.0656349900000001e-02        -1.6382123799999999e-02
6                                     -1.9489160000000000e-04        -1.2179031000000000e-03
7                                     -3.2491800000000000e-05         6.8825609999999997e-04
8                                      5.3272019000000000e-03        -1.6382076299999999e-02
9                                      1.9492350000000001e-04         1.2178019000000000e-03
10                                    -3.2495900000000002e-05         6.8824689999999998e-04
11                                     5.3271159999999998e-03        -1.6382165399999999e-02
12                                    -1.5000000000000000e-09        -5.9800000000000006e-08
13                                     2.3636372000000001e-03         7.3557999999999999e-06
14                                    -3.3608000000000001e-06        -1.8113609700000002e-02
15                                     3.1000000000000000e-09         9.4500000000000006e-08
16                                     9.7408918000000001e-03         7.3873000000000004e-06
17                                     7.3873000000000004e-06         3.5108315799999998e-02
   &MODES [&Type "ArrayOfDoubles", &Dim (18,18)] "The modes of vibrations"
                                                         0                           1                           2                           3                           4                           5                           6                           7

0                                      0.0000000000000000e+00         0.0000000000000000e+00         0.0000000000000000e+00         0.0000000000000000e+00         0.0000000000000000e+00         0.0000000000000000e+00        -8.0102547988835749e-07        -8.6321736031913375e-08
1                                      0.0000000000000000e+00         0.0000000000000000e+00         0.0000000000000000e+00         0.0000000000000000e+00         0.0000000000000000e+00         0.0000000000000000e+00         9.7516104721376274e-06        -2.3927071516868955e-04
2                                      0.0000000000000000e+00         0.0000000000000000e+00         0.0000000000000000e+00         0.0000000000000000e+00         0.0000000000000000e+00         0.0000000000000000e+00        -2.6920470934314278e-01         3.9623135688677730e-02
3                                      0.0000000000000000e+00         0.0000000000000000e+00         0.0000000000000000e+00         0.0000000000000000e+00         0.0000000000000000e+00         0.0000000000000000e+00         5.2738301738133930e-08        -1.5803460395332938e-07
4                                      0.0000000000000000e+00         0.0000000000000000e+00         0.0000000000000000e+00         0.0000000000000000e+00         0.0000000000000000e+00         0.0000000000000000e+00        -6.3721387367591678e-03         2.2862306773310494e-04
5                                      0.0000000000000000e+00         0.0000000000000000e+00         0.0000000000000000e+00         0.0000000000000000e+00         0.0000000000000000e+00         0.0000000000000000e+00        -5.1375112588475921e-02         1.7243877823117638e-02
6                                      0.0000000000000000e+00         0.0000000000000000e+00         0.0000000000000000e+00         0.0000000000000000e+00         0.0000000000000000e+00         0.0000000000000000e+00        -5.5226466253850042e-03         3.9564564593911700e-04
7                                      0.0000000000000000e+00         0.0000000000000000e+00         0.0000000000000000e+00         0.0000000000000000e+00         0.0000000000000000e+00         0.0000000000000000e+00         3.2114756885192781e-03        -5.0883295193929895e-04
8                                      0.0000000000000000e+00         0.0000000000000000e+00         0.0000000000000000e+00         0.0000000000000000e+00         0.0000000000000000e+00         0.0000000000000000e+00        -5.1371770280252263e-02         1.7177889352762772e-02
9                                      0.0000000000000000e+00         0.0000000000000000e+00         0.0000000000000000e+00         0.0000000000000000e+00         0.0000000000000000e+00         0.0000000000000000e+00         5.5226106796619967e-03        -3.9598300660898862e-04
10                                     0.0000000000000000e+00         0.0000000000000000e+00         0.0000000000000000e+00         0.0000000000000000e+00         0.0000000000000000e+00         0.0000000000000000e+00         3.2113940383389776e-03        -5.0884524456488035e-04
11                                     0.0000000000000000e+00         0.0000000000000000e+00         0.0000000000000000e+00         0.0000000000000000e+00         0.0000000000000000e+00         0.0000000000000000e+00        -5.1371642300482127e-02         1.7177535737646705e-02
12                                     0.0000000000000000e+00         0.0000000000000000e+00         0.0000000000000000e+00         0.0000000000000000e+00         0.0000000000000000e+00         0.0000000000000000e+00         1.3180690351688735e-07         2.3253778892954084e-08
13                                     0.0000000000000000e+00         0.0000000000000000e+00         0.0000000000000000e+00         0.0000000000000000e+00         0.0000000000000000e+00         0.0000000000000000e+00        -2.3556356819574972e-06         5.1238775295639089e-05
14                                     0.0000000000000000e+00         0.0000000000000000e+00         0.0000000000000000e+00         0.0000000000000000e+00         0.0000000000000000e+00         0.0000000000000000e+00         5.0058312057415094e-02         1.3364126654553082e-01
15                                     0.0000000000000000e+00         0.0000000000000000e+00         0.0000000000000000e+00         0.0000000000000000e+00         0.0000000000000000e+00         0.0000000000000000e+00         6.1717646673281486e-08         8.9080423580059773e-09
16                                     0.0000000000000000e+00         0.0000000000000000e+00         0.0000000000000000e+00         0.0000000000000000e+00         0.0000000000000000e+00         0.0000000000000000e+00        -1.0606893562990244e-06         2.3187482216972231e-05
17                                     0.0000000000000000e+00         0.0000000000000000e+00         0.0000000000000000e+00         0.0000000000000000e+00         0.0000000000000000e+00         0.0000000000000000e+00         2.0200899873836217e-02        -6.5906250349590065e-02
                                                         8                           9                          10                          11                          12                          13                          14                          15

0                                      2.3849484334620016e-01        -1.5979222942089281e-04        -8.5039151571330120e-04         2.5934945662416217e-02        -1.4280147145856841e-07        -3.0514814935027128e-06        -9.1479643287248433e-02        -6.8757925866340777e-08
1                                      1.5979101118775117e-04         2.3849577339975872e-01         2.5935439466265881e-02         8.5044035080797289e-04         1.5915853589830237e-05        -9.1472548424305911e-02         3.0489144075230716e-06         2.8907972412794184e-05
2                                     -6.0915325881187238e-07         5.3945775401027884e-05        -5.5952790451084038e-06        -2.6150156721862018e-07        -3.9041292770343176e-02        -5.8607351626537283e-07         3.5229807532530523e-07        -4.7120137427847852e-03
3                                      2.4822746337922477e-01        -1.6641605479393988e-04         1.5973506725005021e-03        -4.8668134117270834e-02         2.0640121455590277e-06         2.1341515025577136e-05         7.6630850583912458e-01         1.4470268481053180e-07
4                                      1.6304239280840130e-04         2.4339490740243921e-01        -1.5103475983467665e-02        -4.9497776277200015e-04        -2.4823636248629787e-02        -5.4459336870847731e-02        -2.5361390398778065e-06         5.7430282082197726e-01
5                                     -2.8908145218973922e-05        -4.1618396006641981e-02         8.0691503422599198e-01         2.6461956450265296e-02         5.6514244746541176e-01         6.8546881091062314e-02        -4.6874730328121488e-06         2.3846025299332295e-02
6                                      2.4459044207012157e-01         1.9496730896084388e-03        -1.3779143411956912e-02        -2.3965945084016966e-02        -2.1557436664114287e-02         3.5552205118675179e-01         1.5068586921848923e-01         4.9754347116103620e-01
7                                      2.2660929701933700e-03         2.4699771826850803e-01        -3.9800959754214847e-02        -1.5856639226859710e-02         1.2358174713828036e-02         5.6106357729631207e-01         3.5540862547981911e-01        -2.8737381362480291e-01
8                                     -3.6032991436456711e-02         2.0839142548730361e-02        -4.2626485858763474e-01         6.8551918126000644e-01         5.6531344478865353e-01        -3.4151781894525980e-02         5.9286453680695989e-02         2.3861170626435654e-02
9                                      2.4458782776945878e-01        -2.2773251953710485e-03         1.5318054809348312e-02        -2.3016534988991012e-02         2.1561351362368752e-02        -3.5550783927267332e-01         1.5070178410963367e-01        -4.9754276526566232e-01
10                                    -1.9350849073366335e-03         2.4700070894372039e-01        -4.0756930081700747e-02         1.3215120405713715e-02         1.2358051550040614e-02         5.6104713949748408e-01        -3.5544164548085261e-01        -2.8737357316429862e-01
11                                     3.6059541765758256e-02         2.0790660569150313e-02        -3.8043480273210323e-01        -7.1197552094242034e-01         5.6531180436518891e-01        -3.4152582627364543e-02        -5.9285842962671510e-02         2.3864620782339006e-02
12                                    -5.0355539290131292e-02         3.3739399870347097e-05        -1.5445676022732133e-04         4.7094222931302315e-03        -5.1975831016078192e-08         6.8397000899972439e-09         6.9678863247284910e-04        -1.9540144839474754e-08
13                                    -3.3740191049483293e-05        -5.0355513518605337e-02         4.7094824510236881e-03         1.5445271525565792e-04        -2.1934135545539886e-06         6.9632507695939158e-04        -3.3564282671725555e-08         1.3952403559972093e-06
14                                     2.9571472739623496e-07         1.3402770025242196e-04        -2.2820113098633910e-06        -7.7745837405270144e-08        -1.3079955586064654e-02         2.2856905678130036e-06        -7.5788524274476829e-09        -1.1974957572706294e-04
15                                    -2.2811159049596276e-02         1.5283131787383279e-05         1.5680420336821829e-04        -4.7816265557675385e-03        -3.0896776875346886e-08         7.1464304656924507e-09        -2.7271342985031544e-05         8.2754112555189781e-09
16                                    -1.5282374235409619e-05        -2.2811153877609167e-02        -4.7815918400441063e-03        -1.5680679112545733e-04        -6.4242328894043050e-08        -2.7567268979156760e-05         5.1318242627853952e-09         6.4384708223138694e-07
17                                    -9.8968209510276123e-09        -6.7723718817515170e-05        -8.6341484261042098e-07         2.9476408434431136e-09        -9.7207159616378679e-03        -3.9856315447055747e-06         1.8349176564774274e-09        -1.4146323490528404e-04
                                                        16                          17

0                                     -4.4531964323484742e-06         9.2934975030947123e-02
1                                     -9.2939119022402691e-02        -4.4601655423170858e-06
2                                     -9.6202668185419225e-07        -3.2251290031647939e-07
3                                      2.5209635748195729e-06         3.6694559411866945e-02
4                                      7.6833264082727182e-01         3.2876819827259595e-05
5                                      3.5879507651970684e-02         1.4124050519088012e-06
6                                     -3.4837113094009869e-01        -5.6698942520427453e-01
7                                      1.6447517329960645e-01         3.4853933973899498e-01
8                                     -1.7930026563342895e-02        -3.1067053344079588e-02
9                                      3.4842122696904820e-01        -5.6696354871554988e-01
10                                     1.6450118528531416e-01        -3.4851961840592938e-01
11                                    -1.7935099834373028e-02         3.1069488521059445e-02
12                                     2.1006461593858344e-08        -2.1045688959683270e-04
13                                     2.1042903787799039e-04        -4.1240947644208375e-09
14                                    -3.4155768233887923e-08         4.0296252997249182e-10
15                                    -3.6962227580022436e-09        -3.4345120973830817e-05
16                                     3.4342258957460832e-05         8.7399467390869015e-09
17                                    -2.1658039572687718e-08        -2.3712732047542381e-10
$End
$THERMOCHEMISTRY_Energies
   &GeometryIndex 1
   &temperature [&Type "Double"]       2.9814999999999998e+02
   &pressure [&Type "Double"]       1.0000000000000000e+00
   &totalMass [&Type "Double"]       1.3038800000000001e+02
   &spinDegeneracy [&Type "Integer"] 1
   &elEnergy [&Type "Double"]      -1.2538914668240000e+01
   &transEnergy [&Type "Double"]       1.4162714244859817e-03
   &rotEnergy [&Type "Double"]       1.4162714244859817e-03
   &vibEnergy [&Type "Double"]       1.9350253983742383e-03
   &numOfFreqs [&Type "Integer"] 18
   &freqScalingFactor [&Type "Double"]       1.0000000000000000e+00
   &FREQ [&Type "ArrayOfDoubles", &Units "cm^-1", &Dim (18,1)] 
                                                         0

0                                      0.0000000000000000e+00
1                                      0.0000000000000000e+00
2                                      0.0000000000000000e+00
3                                      0.0000000000000000e+00
4                                      0.0000000000000000e+00
5                                      0.0000000000000000e+00
6                                     -3.2118950438378783e+02
7                                      1.4702853782545128e+02
8                                      1.9273898327188638e+02
9                                      1.9275031368476712e+02
10                                     9.5728607099999351e+02
11                                     9.5728660907683729e+02
12                                     9.9391059376951648e+02
13                                     1.3606858542713978e+03
14                                     1.3607917895303999e+03
15                                     2.9559691796126244e+03
16                                     3.0406742914159604e+03
17                                     3.0407158707666949e+03
   &zpe [&Type "Double"]       3.4627779120474912e-02
   &innerEnergyU [&Type "Double"]      -1.2499519320872180e+01
   &enthalpyH [&Type "Double"]      -1.2498575111829920e+01
   &qEl [&Type "Double"]       0.0000000000000000e+00
   &qRot [&Type "Double"]       1.1107109440825637e-02
   &qVib [&Type "Double"]       3.5310971299982474e-03
   &qTrans [&Type "Double"]       1.9247041860113716e-02
   &entropyS [&Type "Double"]       3.3885248430937598e-02
   &freeEnergyG [&Type "Double"]      -1.2532460360260858e+01
   &isLinear [&Type "Boolean"] false
$End
$Geometry
   &GeometryIndex 2
   &NAtoms [&Type "Integer"] 6
   &NCorelessECP [&Type "Integer"] 0
   &NGhostAtoms [&Type "Integer"] 0
   &CartesianCoordinates [&Type "Coordinates", &Dim(6,4), &Units "Bohr"] 
              C      0.000000052555    0.000003350276   -0.060243455508
              H     -0.000000045964    2.034162852034    0.019913578143
              H      1.761639665786   -1.017068351869    0.019907242279
              H     -1.761639708396   -1.017068323395    0.019907439162
              Cl    -0.000000019536   -0.000013283104    4.495692970888
              Br     0.000000055555   -0.000016243943   -4.535164379958
$End
$Single_Point_Data
   &GeometryIndex 2
   &FinalEnergy [&Type "Double"]      -1.2541595451799999e+01  "Final single point energy"
   &Converged [&Type "Boolean"] true
$End
$Geometry
   &GeometryIndex 3
   &NAtoms [&Type "Integer"] 6
   &NCorelessECP [&Type "Integer"] 0
   &NGhostAtoms [&Type "Integer"] 0
   &CartesianCoordinates [&Type "Coordinates", &Dim(6,4), &Units "Bohr"] 
              C     -0.000000079982    0.000006290822   -0.046066022838
              H     -0.000000155151    2.025088080302    0.044840091043
              H      1.753777043328   -1.012525859109    0.044837820030
              H     -1.753777254486   -1.012525801864    0.044837660255
              Cl     0.000000256037   -0.000020582221    4.360930866554
              Br     0.000000190253   -0.000022127930   -4.489367020038
$End
$Single_Point_Data
   &GeometryIndex 3
   &FinalEnergy [&Type "Double"]      -1.2543132825920001e+01  "Final single point energy"
   &Converged [&Type "Boolean"] true
$End
$Geometry
   &GeometryIndex 4
   &NAtoms [&Type "Integer"] 6
   &NCorelessECP [&Type "Integer"] 0
   &NGhostAtoms [&Type "Integer"] 0
   &CartesianCoordinates [&Type "Coordinates", &Dim(6,4), &Units "Bohr"] 
              C      0.000000068720   -0.000002511802   -0.022273713324
              H     -0.000000020877    2.019456546973    0.062334096096
              H      1.748902876045   -1.009733777356    0.062327155894
              H     -1.748902862217   -1.009733745259    0.062327159521
              Cl    -0.000000038185    0.000009434376    4.274945790287
              Br    -0.000000023486    0.000004053068   -4.479647093468
$End
$Single_Point_Data
   &GeometryIndex 4
   &FinalEnergy [&Type "Double"]      -1.2543379097000001e+01  "Final single point energy"
   &Converged [&Type "Boolean"] true
$End
$Geometry
   &GeometryIndex 5
   &NAtoms [&Type "Integer"] 6
   &NCorelessECP [&Type "Integer"] 0
   &NGhostAtoms [&Type "Integer"] 0
   &CartesianCoordinates [&Type "Coordinates", &Dim(6,4), &Units "Bohr"] 
              C      0.000000126809   -0.000001751888    0.002916751465
              H      0.000000056540    2.017698068406    0.063575645841
              H      1.747378029085   -1.008854412135    0.063578251568
              H     -1.747377905822   -1.008854406248    0.063578293062
              Cl    -0.000000171955    0.000006689301    4.252288175456
              Br    -0.000000134658    0.000005812564   -4.485923722387
$End
$Single_Point_Data
   &GeometryIndex 5
   &FinalEnergy [&Type "Double"]      -1.2543360424650000e+01  "Final single point energy"
   &Converged [&Type "Boolean"] true
$End
$Geometry
   &GeometryIndex 6
   &NAtoms [&Type "Integer"] 6
   &NCorelessECP [&Type "Integer"] 0
   &NGhostAtoms [&Type "Integer"] 0
   &CartesianCoordinates [&Type "Coordinates", &Dim(6,4), &Units "Bohr"] 
              C      0.000000014861    0.000000529724    0.001427207732
              H      0.000000004887    2.017870580504    0.061710640106
              H      1.747526736939   -1.008934216113    0.061713098290
              H     -1.747526719551   -1.008934211708    0.061713064221
              Cl    -0.000000017505   -0.000001149938    4.256064999760
              Br    -0.000000019632   -0.000001532468   -4.482615615103
$End
$Single_Point_Data
   &GeometryIndex 6
   &FinalEnergy [&Type "Double"]      -1.2543361311740000e+01  "Final single point energy"
   &Converged [&Type "Boolean"] true
$End
$Hessian
   &GeometryIndex 6
   &HESSIAN [&Type "ArrayOfDoubles", &Dim (18,18)] "The Hessian"
                                                         0                           1                           2                           3                           4                           5                           6                           7

0                                      5.8741971360000000e-01        -1.2900000000000000e-08        -2.1334000000000002e-06        -4.1132697199999999e-02        -1.5639000000000000e-06         7.5499999999999994e-08        -2.6057577220000000e-01         1.2669698950000000e-01
1                                     -1.2900000000000000e-08         5.8742212589999998e-01        -1.3090000000000001e-06        -1.5643000000000000e-06        -3.3371940270000000e-01        -1.0276345900000001e-02         1.2670395530000000e-01        -1.1428767820000001e-01
2                                     -2.1334000000000002e-06        -1.3090000000000001e-06        -4.9213591399999999e-02         9.3900000000000000e-08        -9.1334286000000001e-03        -3.4300759000000002e-03        -7.9096128999999998e-03         4.5671182000000003e-03
3                                     -4.1132697199999999e-02        -1.5643000000000000e-06         9.3900000000000000e-08         4.0752184400000002e-02         1.7066999999999999e-06         4.7099999999999998e-08        -1.3355870000000001e-04         2.3605400100000000e-02
4                                     -1.5639000000000000e-06        -3.3371940270000000e-01        -9.1334286000000001e-03         1.7066999999999999e-06         3.5898697550000003e-01         9.3314295000000002e-03        -3.3738019999999999e-04        -1.3576387699999999e-02
5                                      7.5499999999999994e-08        -1.0276345900000001e-02        -3.4300759000000002e-03         4.7099999999999998e-08         9.3314295000000002e-03         4.0416873499999999e-02         1.9790810000000001e-04         8.0653539999999996e-04
6                                     -2.6057577220000000e-01         1.2670395530000000e-01        -7.9096128999999998e-03        -1.3355870000000001e-04        -3.3738019999999999e-04         1.9790810000000001e-04         2.7940531639999999e-01        -1.3781709360000000e-01
7                                      1.2669698950000000e-01        -1.1428767820000001e-01         4.5671182000000003e-03         2.3605400100000000e-02        -1.3576387699999999e-02         8.0653539999999996e-04        -1.3781709360000000e-01         1.2032856850000000e-01
8                                     -8.8983975000000003e-03         5.1383666000000003e-03        -3.4300391000000002e-03         7.9709729999999997e-04        -2.3154879999999999e-04        -4.9366030000000003e-04         8.0814382000000008e-03        -4.6661827000000003e-03
9                                     -2.6057830100000001e-01        -1.2670238060000000e-01         7.9114310000000000e-03        -1.3382509999999999e-04         3.3723880000000001e-04        -1.9790009999999999e-04        -2.0255701700000000e-02        -1.1958836900000000e-02
10                                    -1.2669541870000001e-01        -1.1428502120000000e-01         4.5678938000000002e-03        -2.3605545299999999e-02        -1.3576154599999999e-02         8.0670410000000003e-04         1.1959104999999999e-02         6.5971457999999998e-03
11                                     8.9002370000000001e-03         5.1391181000000003e-03        -3.4301332999999998e-03        -7.9710649999999996e-04        -2.3153679999999999e-04        -4.9365439999999997e-04        -5.9921319999999998e-04        -5.7475569999999995e-04
12                                    -1.2576516600000000e-02         8.5999999999999993e-09         9.6099999999999994e-08         3.7198890000000000e-04        -8.0000000000000003e-10        -1.6600000000000000e-08         7.4952269999999999e-04        -2.1794769999999999e-04
13                                     3.1000000000000000e-09        -1.2575475300000000e-02        -1.7650000000000000e-07         3.3799999999999998e-08         8.8644810000000000e-04         9.0283268999999996e-03        -2.0863710000000000e-04         4.9091100000000002e-04
14                                     1.1019999999999999e-07        -9.9242000000000006e-06         2.7168421599999999e-02        -7.4200000000000003e-08         6.4217409999999995e-04        -1.8137564299999999e-02         5.6492399999999996e-04        -3.0618680000000001e-04
15                                    -1.2556426600000000e-02        -6.2000000000000001e-09         1.2540000000000000e-07         2.7590770000000001e-04        -5.0000000000000003e-10        -1.1389999999999999e-07         8.1019359999999995e-04        -3.0851140000000000e-04
16                                     2.8999999999999999e-09        -1.2554548500000000e-02        -9.7899999999999997e-08        -3.1000000000000000e-08         9.9852129999999993e-04        -9.6966501000000007e-03        -2.9994940000000001e-04         4.4744050000000002e-04
17                                     1.0820000000000000e-07         1.0094299999999999e-05         3.2335418099999999e-02        -5.7600000000000000e-08        -3.7708929999999999e-04        -1.7861918500000001e-02        -3.3544420000000002e-04         1.7347150000000000e-04
                                                         8                           9                          10                          11                          12                          13                          14                          15

0                                     -8.8983975000000003e-03        -2.6057830100000001e-01        -1.2669541870000001e-01         8.9002370000000001e-03        -1.2576516600000000e-02         3.1000000000000000e-09         1.1019999999999999e-07        -1.2556426600000000e-02
1                                      5.1383666000000003e-03        -1.2670238060000000e-01        -1.1428502120000000e-01         5.1391181000000003e-03         8.5999999999999993e-09        -1.2575475300000000e-02        -9.9242000000000006e-06        -6.2000000000000001e-09
2                                     -3.4300391000000002e-03         7.9114310000000000e-03         4.5678938000000002e-03        -3.4301332999999998e-03         9.6099999999999994e-08        -1.7650000000000000e-07         2.7168421599999999e-02         1.2540000000000000e-07
3                                      7.9709729999999997e-04        -1.3382509999999999e-04        -2.3605545299999999e-02        -7.9710649999999996e-04         3.7198890000000000e-04         3.3799999999999998e-08        -7.4200000000000003e-08         2.7590770000000001e-04
4                                     -2.3154879999999999e-04         3.3723880000000001e-04        -1.3576154599999999e-02        -2.3153679999999999e-04        -8.0000000000000003e-10         8.8644810000000000e-04         6.4217409999999995e-04        -5.0000000000000003e-10
5                                     -4.9366030000000003e-04        -1.9790009999999999e-04         8.0670410000000003e-04        -4.9365439999999997e-04        -1.6600000000000000e-08         9.0283268999999996e-03        -1.8137564299999999e-02        -1.1389999999999999e-07
6                                      8.0814382000000008e-03        -2.0255701700000000e-02         1.1959104999999999e-02        -5.9921319999999998e-04         7.4952269999999999e-04        -2.0863710000000000e-04         5.6492399999999996e-04         8.1019359999999995e-04
7                                     -4.6661827000000003e-03        -1.1958836900000000e-02         6.5971457999999998e-03        -5.7475569999999995e-04        -2.1794769999999999e-04         4.9091100000000002e-04        -3.0618680000000001e-04        -3.0851140000000000e-04
8                                      4.0414574100000003e-02         5.9934980000000005e-04        -5.7484010000000000e-04        -4.9131960000000003e-04         7.8174443999999999e-03        -4.5141720999999999e-03        -1.8137965299999999e-02        -8.3969322999999998e-03
9                                      5.9934980000000005e-04         2.7940808280000001e-01         1.3781539840000001e-01        -8.0831565000000008e-03         7.4947900000000005e-04         2.0860249999999999e-04        -5.6505209999999995e-04         8.1026600000000002e-04
10                                    -5.7484010000000000e-04         1.3781539840000001e-01         1.2032568920000000e-01        -4.6670584000000001e-03         2.1794880000000001e-04         4.9090669999999996e-04        -3.0616340000000000e-04         3.0851179999999998e-04
11                                    -4.9131960000000003e-04        -8.0831565000000008e-03        -4.6670584000000001e-03         4.0414683799999997e-02        -7.8176175000000004e-03        -4.5140722999999997e-03        -1.8137913100000000e-02         8.3968567999999997e-03
12                                     7.8174443999999999e-03         7.4947900000000005e-04         2.1794880000000001e-04        -7.8176175000000004e-03         8.6070122999999995e-03        -5.1000000000000002e-09         1.7370000000000000e-07         2.0985138000000000e-03
13                                    -4.5141720999999999e-03         2.0860249999999999e-04         4.9090669999999996e-04        -4.5140722999999997e-03        -5.1000000000000002e-09         8.6083771999999996e-03        -1.0267500000000000e-05         2.7999999999999998e-09
14                                    -1.8137965299999999e-02        -5.6505209999999995e-04        -3.0616340000000000e-04        -1.8137913100000000e-02         1.7370000000000000e-07        -1.0267500000000000e-05         5.2960533300000001e-02        -8.1600000000000003e-08
15                                    -8.3969322999999998e-03         8.1026600000000002e-04         3.0851179999999998e-04         8.3968567999999997e-03         2.0985138000000000e-03         2.7999999999999998e-09        -8.1600000000000003e-08         8.5615455000000000e-03
16                                     4.8483770000000001e-03         2.9997779999999999e-04         4.4743410000000001e-04         4.8483051000000003e-03        -3.8000000000000001e-09         2.0988322000000002e-03        -9.6321000000000005e-06         3.4999999999999999e-09
17                                    -1.7861589700000000e-02         3.3532789999999999e-04         1.7346410000000000e-04        -1.7861663400000002e-02        -8.0000000000000002e-08         1.0361500000000001e-05        -2.5715512199999999e-02         1.4569999999999999e-07
                                                        16                          17

0                                      2.8999999999999999e-09         1.0820000000000000e-07
1                                     -1.2554548500000000e-02         1.0094299999999999e-05
2                                     -9.7899999999999997e-08         3.2335418099999999e-02
3                                     -3.1000000000000000e-08        -5.7600000000000000e-08
4                                      9.9852129999999993e-04        -3.7708929999999999e-04
5                                     -9.6966501000000007e-03        -1.7861918500000001e-02
6                                     -2.9994940000000001e-04        -3.3544420000000002e-04
7                                      4.4744050000000002e-04         1.7347150000000000e-04
8                                      4.8483770000000001e-03        -1.7861589700000000e-02
9                                      2.9997779999999999e-04         3.3532789999999999e-04
10                                     4.4743410000000001e-04         1.7346410000000000e-04
11                                     4.8483051000000003e-03        -1.7861663400000002e-02
12                                    -3.8000000000000001e-09        -8.0000000000000002e-08
13                                     2.0988322000000002e-03         1.0361500000000001e-05
14                                    -9.6321000000000005e-06        -2.5715512199999999e-02
15                                     3.4999999999999999e-09         1.4569999999999999e-07
16                                     8.5623203000000005e-03         9.6979999999999993e-06
17                                     9.6979999999999993e-06         4.6965265700000002e-02
   &MODES [&Type "ArrayOfDoubles", &Dim (18,18)] "The modes of vibrations"
                                                         0                           1                           2                           3                           4                           5                           6                           7

0                                      0.0000000000000000e+00         0.0000000000000000e+00         0.0000000000000000e+00         0.0000000000000000e+00         0.0000000000000000e+00         0.0000000000000000e+00        -7.1226277760642743e-07         1.2573700568738865e-06
1                                      0.0000000000000000e+00         0.0000000000000000e+00         0.0000000000000000e+00         0.0000000000000000e+00         0.0000000000000000e+00         0.0000000000000000e+00        -6.2253033479112252e-06        -2.8577346263334489e-03
2                                      0.0000000000000000e+00         0.0000000000000000e+00         0.0000000000000000e+00         0.0000000000000000e+00         0.0000000000000000e+00         0.0000000000000000e+00        -2.7402006937874474e-01         1.8563935252067752e-02
3                                      0.0000000000000000e+00         0.0000000000000000e+00         0.0000000000000000e+00         0.0000000000000000e+00         0.0000000000000000e+00         0.0000000000000000e+00         2.9673173039923216e-07         1.4103927499746602e-06
4                                      0.0000000000000000e+00         0.0000000000000000e+00         0.0000000000000000e+00         0.0000000000000000e+00         0.0000000000000000e+00         0.0000000000000000e+00        -6.8209744654970216e-03        -3.6193260986496973e-03
5                                      0.0000000000000000e+00         0.0000000000000000e+00         0.0000000000000000e+00         0.0000000000000000e+00         0.0000000000000000e+00         0.0000000000000000e+00         5.4984566581511322e-03         3.6585397978089101e-02
6                                      0.0000000000000000e+00         0.0000000000000000e+00         0.0000000000000000e+00         0.0000000000000000e+00         0.0000000000000000e+00         0.0000000000000000e+00        -5.9056715093706458e-03        -6.8843162232281859e-04
7                                      0.0000000000000000e+00         0.0000000000000000e+00         0.0000000000000000e+00         0.0000000000000000e+00         0.0000000000000000e+00         0.0000000000000000e+00         3.3945001882418617e-03        -2.6516802617972306e-03
8                                      0.0000000000000000e+00         0.0000000000000000e+00         0.0000000000000000e+00         0.0000000000000000e+00         0.0000000000000000e+00         0.0000000000000000e+00         5.4985477364651036e-03         3.6608489292031907e-02
9                                      0.0000000000000000e+00         0.0000000000000000e+00         0.0000000000000000e+00         0.0000000000000000e+00         0.0000000000000000e+00         0.0000000000000000e+00         5.9061939039523198e-03         6.9113504009020140e-04
10                                     0.0000000000000000e+00         0.0000000000000000e+00         0.0000000000000000e+00         0.0000000000000000e+00         0.0000000000000000e+00         0.0000000000000000e+00         3.3944591627761548e-03        -2.6517488286309570e-03
11                                     0.0000000000000000e+00         0.0000000000000000e+00         0.0000000000000000e+00         0.0000000000000000e+00         0.0000000000000000e+00         0.0000000000000000e+00         5.4986702145098489e-03         3.6608186813677973e-02
12                                     0.0000000000000000e+00         0.0000000000000000e+00         0.0000000000000000e+00         0.0000000000000000e+00         0.0000000000000000e+00         0.0000000000000000e+00         1.1065739344945533e-07        -2.7761795127941706e-07
13                                     0.0000000000000000e+00         0.0000000000000000e+00         0.0000000000000000e+00         0.0000000000000000e+00         0.0000000000000000e+00         0.0000000000000000e+00         1.5343938266179877e-06         6.2857259743677853e-04
14                                     0.0000000000000000e+00         0.0000000000000000e+00         0.0000000000000000e+00         0.0000000000000000e+00         0.0000000000000000e+00         0.0000000000000000e+00         3.8210511938730658e-02         1.3623194152178456e-01
15                                     0.0000000000000000e+00         0.0000000000000000e+00         0.0000000000000000e+00         0.0000000000000000e+00         0.0000000000000000e+00         0.0000000000000000e+00         4.7636699990980451e-08        -1.1772970623158769e-07
16                                     0.0000000000000000e+00         0.0000000000000000e+00         0.0000000000000000e+00         0.0000000000000000e+00         0.0000000000000000e+00         0.0000000000000000e+00         6.5887971929288490e-07         2.6324910551383553e-04
17                                     0.0000000000000000e+00         0.0000000000000000e+00         0.0000000000000000e+00         0.0000000000000000e+00         0.0000000000000000e+00         0.0000000000000000e+00         2.4029413436023613e-02        -6.4624317143440330e-02
                                                         8                           9                          10                          11                          12                          13                          14                          15

0                                     -2.3839501430787133e-01        -2.3564537219454272e-04         1.2562260114377275e-07         1.0721644160784300e-02        -2.2863417979554694e-07         6.9673907418242424e-06         9.3009395375520554e-02         2.7032468881272944e-08
1                                     -2.3564443487546300e-04         2.3837937856250005e-01        -5.2723825023350396e-06         2.7518795062449859e-07         1.0725078350528008e-02         9.2999745576358928e-02        -6.9626171117087929e-06        -2.8001208607526288e-05
2                                      4.5104606338615413e-07         2.1488165600468091e-04         1.1972809749796592e-02        -1.3696933633378274e-07         2.0090516476005857e-06         2.2651415209532911e-06        -3.3113765807512432e-07         3.5474639780374568e-03
3                                     -2.4906026344208848e-01        -2.4620639006179060e-04        -2.3467307066675883e-06        -4.9865175449857718e-02         2.6064676090009890e-06        -5.3122578496961662e-05        -7.6581727032290703e-01        -9.3529003163178463e-08
4                                     -2.3874173462249231e-04         2.4154859281032834e-01         1.5454685590497919e-02        -2.0232514193285609e-07        -1.6664586791128661e-02         5.5310443105620770e-02         1.8804903323221830e-07        -5.7463170599945834e-01
5                                     -7.6635612334888118e-07         1.8514407819678128e-03        -5.6706354923804003e-01         2.5015063257104548e-05         8.0960613985245689e-01        -5.5691082202300055e-02         6.5707041925634112e-06        -1.5346613584197996e-02
6                                     -2.4343743374035498e-01         3.0105789042447688e-03         1.3395432099971074e-02        -2.4965393612081433e-02        -1.4399152507961904e-02        -3.5568362370559303e-01        -1.4991803821463329e-01        -4.9782302718082921e-01
7                                     -3.4945065160764425e-03         2.4715122748933024e-01        -7.7081246802565839e-03        -1.4375557033889529e-02        -4.1599627746033860e-02        -5.6049650485300939e-01        -3.5553665820973729e-01         2.8753174626870964e-01
8                                     -1.2182665839334968e-03        -2.7074912312056440e-04        -5.6686306585311819e-01         7.0121563012820110e-01        -4.0496120177873496e-01         2.7813517506578633e-02        -4.8171918212502537e-02        -1.5357969343929629e-02
9                                     -2.4343092425557655e-01        -3.4918084404233153e-03        -1.3399678965020268e-02        -2.4969287868038939e-02         1.4398605748578222e-02         3.5565697188053752e-01        -1.4996356112568468e-01         4.9782282407064826e-01
10                                     3.0058324854015644e-03         2.4715775322639827e-01        -7.7078668325224623e-03         1.4373902724711852e-02        -4.1602951876453832e-02        -5.6045054807877981e-01         3.5561623841907819e-01         2.8753173699843276e-01
11                                     1.2208489900520272e-03        -2.6804288250177751e-04        -5.6687120719765671e-01        -7.0123030207905412e-01        -4.0492405173623919e-01         2.7817630935694358e-02         4.8169270202949824e-02        -1.5361451347349694e-02
12                                     5.2309709627811452e-02         5.1704625694622461e-05         1.2181004113732876e-07         7.5856381241677243e-03        -2.0194088637536332e-07        -5.5068356888890187e-08        -9.5981778823291098e-04         1.9540148266117740e-08
13                                     5.1706043109504420e-05        -5.2305885192450566e-02        -9.5544017576456850e-07         1.9199826245088114e-07         7.5860027483945847e-03        -9.5953178496552478e-04         8.2852518565704539e-08        -1.4348751072341060e-06
14                                    -1.0075217343402446e-06         1.6384104003265730e-03         2.2695164437918712e-02        -1.5577074799696549e-07         2.7060012557912203e-06        -9.9141019971723865e-06         7.9109528276294640e-09        -1.3579623679687205e-05
15                                     2.1910418420858158e-02         2.1658421581069111e-05         1.0249813155483483e-08        -3.7185612095854900e-03         9.7989355279814802e-08        -1.6525568988069243e-08        -1.1117605993273267e-04        -8.9916340777442651e-09
16                                     2.1657397401097611e-05        -2.1908868614524450e-02         7.2836265890234722e-07        -1.0313779073155278e-07        -3.7183900846320395e-03        -1.1063781026891695e-04         3.5571883238001808e-09        -6.0123081432294903e-07
17                                     3.5634011746111958e-07        -7.7585303453825308e-04         9.5868225550035848e-03        -4.0778201204042247e-08         2.0185230282395048e-06         4.8146592416127848e-06        -3.2196344980788223e-09         5.3910026380340211e-05
                                                        16                          17

0                                     -2.0172136419726199e-05        -9.3151407054215041e-02
1                                     -9.3156820264249457e-02         2.0181316450328105e-05
2                                     -5.7274510662551189e-07         3.1870208887472041e-07
3                                     -3.5510681501303999e-06        -3.6028705756412975e-02
4                                      7.6863341837073518e-01        -1.6230276692926550e-04
5                                      2.3378191022191196e-02        -4.8152125427475270e-06
6                                     -3.4811761092537269e-01         5.6744370915498799e-01
7                                      1.6500183625472775e-01        -3.4841125157958658e-01
8                                     -1.1679828470556215e-02         2.0244251533369544e-02
9                                      3.4835913962696702e-01         5.6730008963088929e-01
10                                     1.6514537665479515e-01         3.4833557989558783e-01
11                                    -1.1690793645430868e-02        -2.0243254493970565e-02
12                                     5.0529207109333701e-08         1.7877413103809298e-04
13                                     1.7875445370301506e-04        -2.4638149937813151e-08
14                                    -1.5161570417655236e-08         3.3468553557096397e-10
15                                     7.6929167189962620e-09         6.2561415353987355e-05
16                                     6.2557074045907593e-05        -2.0601364449648711e-08
17                                    -2.6619877605557055e-09         1.1166624696129668e-10
$End
$THERMOCHEMISTRY_Energies
   &GeometryIndex 6
   &temperature [&Type "Double"]       2.9814999999999998e+02
   &pressure [&Type "Double"]       1.0000000000000000e+00
   &totalMass [&Type "Double"]       1.3038800000000001e+02
   &spinDegeneracy [&Type "Integer"] 1
   &elEnergy [&Type "Double"]      -1.2543361311740000e+01
   &transEnergy [&Type "Double"]       1.4162714244859817e-03
   &rotEnergy [&Type "Double"]       1.4162714244859817e-03
   &vibEnergy [&Type "Double"]       1.7753918161886981e-03
   &numOfFreqs [&Type "Integer"] 18
   &freqScalingFactor [&Type "Double"]       1.0000000000000000e+00
   &FREQ [&Type "ArrayOfDoubles", &Units "cm^-1", &Dim (18,1)] 
                                                         0

0                                      0.0000000000000000e+00
1                                      0.0000000000000000e+00
2                                      0.0000000000000000e+00
3                                      0.0000000000000000e+00
4                                      0.0000000000000000e+00
5                                      0.0000000000000000e+00
6                                     -3.5197972710849473e+02
7                                      2.0105008717061071e+02
8                                      2.0741072610781924e+02
9                                      2.0742714904678778e+02
10                                     1.0276943542169367e+03
11                                     1.0318777148390416e+03
12                                     1.0319350540963283e+03
13                                     1.3322084607643983e+03
14                                     1.3323612700292911e+03
15                                     3.1239255881208524e+03
16                                     3.2146337039385658e+03
17                                     3.2147011512807226e+03
   &zpe [&Type "Double"]       3.6280332679538833e-02
   &innerEnergyU [&Type "Double"]      -1.2502473044395302e+01
   &enthalpyH [&Type "Double"]      -1.2501528835353042e+01
   &qEl [&Type "Double"]       0.0000000000000000e+00
   &qRot [&Type "Double"]       1.0995924481201643e-02
   &qVib [&Type "Double"]       3.1172675025576643e-03
   &qTrans [&Type "Double"]       1.9247041860113716e-02
   &entropyS [&Type "Double"]       3.3360233843873023e-02
   &freeEnergyG [&Type "Double"]      -1.2534889069196915e+01
   &isLinear [&Type "Boolean"] false
$End
$Geometry
   &GeometryIndex 7
   &NAtoms [&Type "Integer"] 6
   &NCorelessECP [&Type "Integer"] 0
   &NGhostAtoms [&Type "Integer"] 0
   &CartesianCoordinates [&Type "Coordinates", &Dim(6,4), &Units "Bohr"] 
              C      0.000000007867   -0.000000131664    0.001112829743
              H      0.000000009858    2.017881361562    0.061652038769
              H      1.747536566158   -1.008941028670    0.061652512239
              H     -1.747536547907   -1.008941029508    0.061652504572
              Cl    -0.000000022231    0.000001126297    4.256629251511
              Br    -0.000000013745   -0.000000298016   -4.482685741828
$End
$Single_Point_Data
   &GeometryIndex 7
   &FinalEnergy [&Type "Double"]      -1.2543361317030000e+01  "Final single point energy"
   &Converged [&Type "Boolean"] true
$End
$Hessian
   &GeometryIndex 7
   &HESSIAN [&Type "ArrayOfDoubles", &Dim (18,18)] "The Hessian"
                                                         0                           1                           2                           3                           4                           5                           6                           7

0                                      5.8736937570000003e-01        -4.8000000000000000e-09        -2.1536999999999998e-06        -4.1132777900000000e-02        -1.5670000000000000e-06         7.6399999999999996e-08        -2.6055427330000003e-01         1.2668458199999999e-01
1                                     -4.8000000000000000e-09         5.8737252770000004e-01        -9.8680000000000002e-07        -1.5668000000000000e-06        -3.3369061169999997e-01        -1.0313861000000001e-02         1.2669112930000001e-01        -1.1428109950000000e-01
2                                     -2.1536999999999998e-06        -9.8680000000000002e-07        -4.9196139500000000e-02         9.6600000000000005e-08        -9.1709744000000003e-03        -3.4404030999999999e-03        -7.9418460000000007e-03         4.5857266000000002e-03
3                                     -4.1132777900000000e-02        -1.5668000000000000e-06         9.6600000000000005e-08         4.0752351399999998e-02         1.7054000000000000e-06         4.7400000000000001e-08        -1.3321909999999999e-04         2.3605302400000000e-02
4                                     -1.5670000000000000e-06        -3.3369061169999997e-01        -9.1709744000000003e-03         1.7054000000000000e-06         3.5896179410000001e-01         9.3758752999999993e-03        -3.3696289999999999e-04        -1.3576901800000001e-02
5                                      7.6399999999999996e-08        -1.0313861000000001e-02        -3.4404030999999999e-03         4.7400000000000001e-08         9.3758752999999993e-03         4.0406970200000003e-02         1.9858190000000001e-04         8.1030369999999998e-04
6                                     -2.6055427330000003e-01         1.2669112930000001e-01        -7.9418460000000007e-03        -1.3321909999999999e-04        -3.3696289999999999e-04         1.9858190000000001e-04         2.7938676680000002e-01        -1.3780536720000000e-01
7                                      1.2668458199999999e-01        -1.1428109950000000e-01         4.5857266000000002e-03         2.3605302400000000e-02        -1.3576901800000001e-02         8.1030369999999998e-04        -1.3780536720000000e-01         1.2032300849999999e-01
8                                     -8.9306838000000003e-03         5.1569616999999996e-03        -3.4404472000000002e-03         8.0097139999999996e-04        -2.3285840000000001e-04        -4.9235079999999996e-04         8.1196755999999991e-03        -4.6880931000000004e-03
9                                     -2.6055680560000000e-01        -1.2668956030000000e-01         7.9436753999999991e-03        -1.3348010000000001e-04         3.3682269999999999e-04        -1.9857440000000000e-04        -2.0256605800000001e-02        -1.1959004299999999e-02
10                                    -1.2668301620000000e-01        -1.1427844690000000e-01         4.5865048999999998e-03        -2.3605443699999999e-02        -1.3576664100000000e-02         8.1047200000000002e-04         1.1959275300000001e-02         6.5983314000000000e-03
11                                     8.9325293000000004e-03         5.1577150999999998e-03        -3.4405452000000002e-03        -8.0097999999999996e-04        -2.3284759999999999e-04        -4.9234449999999998e-04        -6.0213629999999996e-04        -5.7737629999999999e-04
12                                    -1.2567983700000000e-02         8.7000000000000001e-09         9.9900000000000001e-08         3.7190839999999998e-04         1.0000000000000001e-09        -1.7000000000000000e-08         7.4905190000000002e-04        -2.1771430000000000e-04
13                                     3.1000000000000000e-09        -1.2566794900000001e-02        -1.3449999999999999e-07         3.3699999999999997e-08         8.8604549999999997e-04         9.0170424999999992e-03        -2.0869190000000001e-04         4.9043410000000002e-04
14                                     1.0970000000000000e-07        -9.9028999999999997e-06         2.7176267800000001e-02        -7.0300000000000001e-08         6.3930900000000001e-04        -1.8120139200000000e-02         5.6240930000000004e-04        -3.0476080000000000e-04
15                                    -1.2557535300000000e-02        -6.1000000000000000e-09         1.2790000000000000e-07         2.7521730000000001e-04         8.0000000000000003e-10        -1.1430000000000000e-07         8.0827939999999999e-04        -3.0779869999999999e-04
16                                     2.8999999999999999e-09        -1.2555574700000001e-02        -1.3580000000000001e-07        -3.1100000000000001e-08         9.9633810000000008e-04        -9.6998324000000004e-03        -2.9938259999999999e-04         4.4622729999999999e-04
17                                     1.2209999999999999e-07         1.0073900000000000e-05         3.2341267200000003e-02        -6.5099999999999994e-08        -3.7850379999999998e-04        -1.7861732599999999e-02        -3.3668450000000003e-04         1.7419990000000000e-04
                                                         8                           9                          10                          11                          12                          13                          14                          15

0                                     -8.9306838000000003e-03        -2.6055680560000000e-01        -1.2668301620000000e-01         8.9325293000000004e-03        -1.2567983700000000e-02         3.1000000000000000e-09         1.0970000000000000e-07        -1.2557535300000000e-02
1                                      5.1569616999999996e-03        -1.2668956030000000e-01        -1.1427844690000000e-01         5.1577150999999998e-03         8.7000000000000001e-09        -1.2566794900000001e-02        -9.9028999999999997e-06        -6.1000000000000000e-09
2                                     -3.4404472000000002e-03         7.9436753999999991e-03         4.5865048999999998e-03        -3.4405452000000002e-03         9.9900000000000001e-08        -1.3449999999999999e-07         2.7176267800000001e-02         1.2790000000000000e-07
3                                      8.0097139999999996e-04        -1.3348010000000001e-04        -2.3605443699999999e-02        -8.0097999999999996e-04         3.7190839999999998e-04         3.3699999999999997e-08        -7.0300000000000001e-08         2.7521730000000001e-04
4                                     -2.3285840000000001e-04         3.3682269999999999e-04        -1.3576664100000000e-02        -2.3284759999999999e-04         1.0000000000000001e-09         8.8604549999999997e-04         6.3930900000000001e-04         8.0000000000000003e-10
5                                     -4.9235079999999996e-04        -1.9857440000000000e-04         8.1047200000000002e-04        -4.9234449999999998e-04        -1.7000000000000000e-08         9.0170424999999992e-03        -1.8120139200000000e-02        -1.1430000000000000e-07
6                                      8.1196755999999991e-03        -2.0256605800000001e-02         1.1959275300000001e-02        -6.0213629999999996e-04         7.4905190000000002e-04        -2.0869190000000001e-04         5.6240930000000004e-04         8.0827939999999999e-04
7                                     -4.6880931000000004e-03        -1.1959004299999999e-02         6.5983314000000000e-03        -5.7737629999999999e-04        -2.1771430000000000e-04         4.9043410000000002e-04        -3.0476080000000000e-04        -3.0779869999999999e-04
8                                      4.0404606500000002e-02         6.0227149999999999e-04        -5.7746209999999997e-04        -4.9000189999999998e-04         7.8075553000000004e-03        -4.5085352999999998e-03        -1.8120407700000001e-02        -8.3997900000000007e-03
9                                      6.0227149999999999e-04         2.7938953709999997e-01         1.3780367350000000e-01        -8.1213971999999999e-03         7.4900480000000000e-04         2.0865719999999999e-04        -5.6253990000000001e-04         8.0834959999999997e-04
10                                    -5.7746209999999997e-04         1.3780367350000000e-01         1.2032012870000000e-01        -4.6889703999999999e-03         2.1771329999999999e-04         4.9042979999999996e-04        -3.0474330000000000e-04         3.0779780000000001e-04
11                                    -4.9000189999999998e-04        -8.1213971999999999e-03        -4.6889703999999999e-03         4.0404716600000001e-02        -7.8077292000000003e-03        -4.5084356999999997e-03        -1.8120353499999999e-02         8.3997133999999998e-03
12                                     7.8075553000000004e-03         7.4900480000000000e-04         2.1771329999999999e-04        -7.8077292000000003e-03         8.5982520000000007e-03        -5.0000000000000001e-09         1.7260000000000000e-07         2.0997666000000001e-03
13                                    -4.5085352999999998e-03         2.0865719999999999e-04         4.9042979999999996e-04        -4.5084356999999997e-03        -5.0000000000000001e-09         8.5997615000000006e-03        -1.0285199999999999e-05         2.7999999999999998e-09
14                                    -1.8120407700000001e-02        -5.6253990000000001e-04        -3.0474330000000000e-04        -1.8120353499999999e-02         1.7260000000000000e-07        -1.0285199999999999e-05         5.2889959399999999e-02        -8.1400000000000001e-08
15                                    -8.3997900000000007e-03         8.0834959999999997e-04         3.0779780000000001e-04         8.3997133999999998e-03         2.0997666000000001e-03         2.7999999999999998e-09        -8.1400000000000001e-08         8.5659224999999999e-03
16                                     4.8499872000000001e-03         2.9941110000000000e-04         4.4622109999999999e-04         4.8499149999999998e-03        -3.8000000000000001e-09         2.1001240000000001e-03        -9.6168000000000008e-06         3.3999999999999998e-09
17                                    -1.7861399000000000e-02         3.3656460000000001e-04         1.7419899999999999e-04        -1.7861471500000000e-02        -8.1499999999999995e-08         1.0348200000000000e-05        -2.5705326700000000e-02         1.4450000000000000e-07
                                                        16                          17

0                                      2.8999999999999999e-09         1.2209999999999999e-07
1                                     -1.2555574700000001e-02         1.0073900000000000e-05
2                                     -1.3580000000000001e-07         3.2341267200000003e-02
3                                     -3.1100000000000001e-08        -6.5099999999999994e-08
4                                      9.9633810000000008e-04        -3.7850379999999998e-04
5                                     -9.6998324000000004e-03        -1.7861732599999999e-02
6                                     -2.9938259999999999e-04        -3.3668450000000003e-04
7                                      4.4622729999999999e-04         1.7419990000000000e-04
8                                      4.8499872000000001e-03        -1.7861399000000000e-02
9                                      2.9941110000000000e-04         3.3656460000000001e-04
10                                     4.4622109999999999e-04         1.7419899999999999e-04
11                                     4.8499149999999998e-03        -1.7861471500000000e-02
12                                    -3.8000000000000001e-09        -8.1499999999999995e-08
13                                     2.1001240000000001e-03         1.0348200000000000e-05
14                                    -9.6168000000000008e-06        -2.5705326700000000e-02
15                                     3.3999999999999998e-09         1.4450000000000000e-07
16                                     8.5666642000000008e-03         9.6826999999999996e-06
17                                     9.6826999999999996e-06         4.6948662500000002e-02
   &MODES [&Type "ArrayOfDoubles", &Dim (18,18)] "The modes of vibrations"
                                                         0                           1                           2                           3                           4                           5                           6                           7

0                                      0.0000000000000000e+00         0.0000000000000000e+00         0.0000000000000000e+00         0.0000000000000000e+00         0.0000000000000000e+00         0.0000000000000000e+00        -7.3355635996805631e-07         1.2642976916652306e-06
1                                      0.0000000000000000e+00         0.0000000000000000e+00         0.0000000000000000e+00         0.0000000000000000e+00         0.0000000000000000e+00         0.0000000000000000e+00        -6.2508309937249658e-06        -2.8307122319218684e-03
2                                      0.0000000000000000e+00         0.0000000000000000e+00         0.0000000000000000e+00         0.0000000000000000e+00         0.0000000000000000e+00         0.0000000000000000e+00        -2.7401787080843687e-01         1.8574681671672477e-02
3                                      0.0000000000000000e+00         0.0000000000000000e+00         0.0000000000000000e+00         0.0000000000000000e+00         0.0000000000000000e+00         0.0000000000000000e+00         2.9005831975016963e-07         1.3990257385640876e-06
4                                      0.0000000000000000e+00         0.0000000000000000e+00         0.0000000000000000e+00         0.0000000000000000e+00         0.0000000000000000e+00         0.0000000000000000e+00        -6.8474558057713174e-03        -3.5919915449071967e-03
5                                      0.0000000000000000e+00         0.0000000000000000e+00         0.0000000000000000e+00         0.0000000000000000e+00         0.0000000000000000e+00         0.0000000000000000e+00         5.4346774703382126e-03         3.6537691668522200e-02
6                                      0.0000000000000000e+00         0.0000000000000000e+00         0.0000000000000000e+00         0.0000000000000000e+00         0.0000000000000000e+00         0.0000000000000000e+00        -5.9283982318124118e-03        -6.8801821349570873e-04
7                                      0.0000000000000000e+00         0.0000000000000000e+00         0.0000000000000000e+00         0.0000000000000000e+00         0.0000000000000000e+00         0.0000000000000000e+00         3.4074875646537819e-03        -2.6235738413831378e-03
8                                      0.0000000000000000e+00         0.0000000000000000e+00         0.0000000000000000e+00         0.0000000000000000e+00         0.0000000000000000e+00         0.0000000000000000e+00         5.4340737164372587e-03         3.6558182633581036e-02
9                                      0.0000000000000000e+00         0.0000000000000000e+00         0.0000000000000000e+00         0.0000000000000000e+00         0.0000000000000000e+00         0.0000000000000000e+00         5.9288941927834599e-03         6.9072613731069679e-04
10                                     0.0000000000000000e+00         0.0000000000000000e+00         0.0000000000000000e+00         0.0000000000000000e+00         0.0000000000000000e+00         0.0000000000000000e+00         3.4074389732123419e-03        -2.6236265105528209e-03
11                                     0.0000000000000000e+00         0.0000000000000000e+00         0.0000000000000000e+00         0.0000000000000000e+00         0.0000000000000000e+00         0.0000000000000000e+00         5.4341770992968799e-03         3.6557876328982955e-02
12                                     0.0000000000000000e+00         0.0000000000000000e+00         0.0000000000000000e+00         0.0000000000000000e+00         0.0000000000000000e+00         0.0000000000000000e+00         1.1503151227826586e-07        -2.7884315610870089e-07
13                                     0.0000000000000000e+00         0.0000000000000000e+00         0.0000000000000000e+00         0.0000000000000000e+00         0.0000000000000000e+00         0.0000000000000000e+00         1.5755085824294781e-06         6.2259898492779333e-04
14                                     0.0000000000000000e+00         0.0000000000000000e+00         0.0000000000000000e+00         0.0000000000000000e+00         0.0000000000000000e+00         0.0000000000000000e+00         3.8217912191120078e-02         1.3623274884480438e-01
15                                     0.0000000000000000e+00         0.0000000000000000e+00         0.0000000000000000e+00         0.0000000000000000e+00         0.0000000000000000e+00         0.0000000000000000e+00         4.9314465452497309e-08        -1.1814090501935917e-07
16                                     0.0000000000000000e+00         0.0000000000000000e+00         0.0000000000000000e+00         0.0000000000000000e+00         0.0000000000000000e+00         0.0000000000000000e+00         6.5096029213075759e-07         2.6078333212748968e-04
17                                     0.0000000000000000e+00         0.0000000000000000e+00         0.0000000000000000e+00         0.0000000000000000e+00         0.0000000000000000e+00         0.0000000000000000e+00         2.4028230959399176e-02        -6.4624419611882894e-02
                                                         8                           9                          10                          11                          12                          13                          14                          15

0                                     -2.3839646234429560e-01         2.1483875886924307e-04         1.2304803930491104e-07         1.0789098209664756e-02         9.2529279821824691e-07         3.1522835535018779e-06         9.3003667491474165e-02         2.8715009917169600e-08
1                                     -2.1483982694232471e-04        -2.3838148531949369e-01        -4.8349785873040440e-06         9.7011769092954755e-07        -1.0789976973357058e-02         9.2993635163250113e-02        -3.1485898470961242e-06        -2.8177212178119548e-05
2                                      4.9387085582257857e-07        -2.1283092146028772e-04         1.2002057144695964e-02        -1.3444525336491082e-07        -1.5460289225896474e-06         2.2987526808509257e-06        -3.3632066036898189e-07         3.5622983522359802e-03
3                                     -2.4906154432166719e-01         2.2447310637835506e-04        -2.3424661404348019e-06        -5.0012346578354593e-02        -5.8340764717858294e-06        -2.1714857113635135e-05        -7.6580797871643203e-01        -7.8130214059862618e-08
4                                     -2.1766332227137210e-04        -2.4155152441364641e-01         1.5528375669416648e-02        -1.2834583746548743e-06         1.6724547199039000e-02         5.5313983616594342e-02         2.4490368130302177e-06        -5.7462802096359367e-01
5                                     -4.9409763690146038e-07        -1.7353727068923058e-03        -5.6702299474685702e-01         7.7123710802924170e-05        -8.0962061078640557e-01        -5.5870572031451342e-02         4.2914526307542251e-06        -1.5419705718857596e-02
6                                     -2.4343795393533504e-01        -3.0294556716664797e-03         1.3459234380819808e-02        -2.5045179660668621e-02         1.4429628956985846e-02        -3.5567583446341189e-01        -1.4992515052001676e-01        -4.9782162173993955e-01
7                                     -3.4706581100732467e-03        -2.4715011025974740e-01        -7.7467896936208661e-03        -1.4417611157773123e-02         4.1711058737697308e-02        -5.6047548442703832e-01        -3.5555861050367388e-01         2.8753095342258594e-01
8                                     -1.1202264584312884e-03         2.1959378041631303e-04        -5.6688607759426934e-01         7.0117545567514750e-01         4.0496912814047703e-01         2.7904381894739060e-02        -4.8341116682576422e-02        -1.5430644630204136e-02
9                                     -2.4343201299192485e-01         3.4681882148118819e-03        -1.3463495478294887e-02        -2.5047218918518879e-02        -1.4432307082525740e-02         3.5566148707315115e-01        -1.4994147656131868e-01         4.9782139837822065e-01
10                                     3.0251340373695966e-03        -2.4715605983453134e-01        -7.7465449959712865e-03         1.4410589582479691e-02         4.1716250127584523e-02        -5.6045869362420964e-01         3.5559222625813891e-01         2.8753091468062503e-01
11                                     1.1226853172302416e-03         2.1728071938763901e-04        -5.6689427010385618e-01        -7.0124218403173799e-01         4.0484175445950388e-01         2.7904546103375935e-02         4.8340720928013566e-02        -1.5434126832292306e-02
12                                     5.2305089547694486e-02        -4.7134734229324549e-05         1.2267809465111344e-07         7.5778592512546128e-03         6.8917472483383586e-07        -1.5693531662895473e-08        -9.6013231315264437e-04         1.9275597037367547e-08
13                                     4.7136487144829728e-05         5.2301319902729661e-02        -5.4616802122514368e-07         6.7950051877661178e-07        -7.5783824721230601e-03        -9.5949444289594450e-04         4.3569608305801922e-08        -1.4340430499248530e-06
14                                    -8.5107046973974258e-07        -1.6229715123415461e-03         2.2678961789404335e-02        -1.5754554039626922e-07        -1.4509008509140788e-06        -9.8811814604765573e-06         5.6369403943537010e-09        -1.2924741469104184e-05
15                                     2.1912722563477371e-02        -1.9748083790563756e-05         1.0377417204797899e-08        -3.7214032479625883e-03        -3.3750567823709294e-07        -1.1951810136412223e-08        -1.1048156067267359e-04        -9.0659556564513204e-09
16                                     1.9747236255237812e-05         2.1911212537233448e-02         5.2709530669762525e-07        -3.4256497547600627e-07         3.7211731701919186e-03        -1.0994292204852043e-04        -1.0046342707098625e-09        -6.0125523171440419e-07
17                                     2.7860624859894502e-07         7.6851573738985761e-04         9.5896849624511477e-03        -4.1029199803884543e-08        -1.5242283708041298e-06         4.8165756379420550e-06        -1.0908967277154741e-09         5.4145285975001882e-05
                                                        16                          17

0                                      1.7077464033260516e-06         9.3150108789473843e-02
1                                     -9.3155336508661854e-02         1.7004209109904813e-06
2                                     -6.4034803083966925e-07        -3.2062948183531277e-07
3                                      4.9171225430003863e-06         3.6029421985628987e-02
4                                      7.6863240149575762e-01        -1.8226709443130285e-05
5                                      2.3487935022640138e-02        -6.7645759454413610e-07
6                                     -3.4825043230245611e-01        -5.6736009810757226e-01
7                                      1.6508038136754985e-01         3.4837199012382652e-01
8                                     -1.1739051997544133e-02        -2.0335583104852849e-02
9                                      3.4822542116959193e-01        -5.6738009393661171e-01
10                                     1.6506026448693017e-01        -3.4837388312066775e-01
11                                    -1.1740507603125346e-02         2.0340090835581207e-02
12                                     8.5231087415589895e-09        -1.7875456509948017e-04
13                                     1.7875392368411211e-04        -1.7354005200243296e-08
14                                    -1.5262702817893806e-08        -8.7412395712964281e-11
15                                    -6.9981154129098322e-09        -6.2429472526601053e-05
16                                     6.2429940176787072e-05         5.9093857193961751e-09
17                                    -2.6294936796014719e-09        -9.6915906020129261e-11
$End
$THERMOCHEMISTRY_Energies
   &GeometryIndex 7
   &temperature [&Type "Double"]       2.9814999999999998e+02
   &pressure [&Type "Double"]       1.0000000000000000e+00
   &totalMass [&Type "Double"]       1.3038800000000001e+02
   &spinDegeneracy [&Type "Integer"] 1
   &elEnergy [&Type "Double"]      -1.2543361317030000e+01
   &transEnergy [&Type "Double"]       1.4162714244859817e-03
   &rotEnergy [&Type "Double"]       1.4162714244859817e-03
   &vibEnergy [&Type "Double"]       1.7756081622641326e-03
   &numOfFreqs [&Type "Integer"] 18
   &freqScalingFactor [&Type "Double"]       1.0000000000000000e+00
   &FREQ [&Type "ArrayOfDoubles", &Units "cm^-1", &Dim (18,1)] 
                                                         0

0                                      0.0000000000000000e+00
1                                      0.0000000000000000e+00
2                                      0.0000000000000000e+00
3                                      0.0000000000000000e+00
4                                      0.0000000000000000e+00
5                                      0.0000000000000000e+00
6                                     -3.5195480102927166e+02
7                                      2.0097910689899703e+02
8                                      2.0739653253796288e+02
9                                      2.0741426856564610e+02
10                                     1.0275621825753942e+03
11                                     1.0316864974295929e+03
12                                     1.0317451599752690e+03
13                                     1.3322413682022086e+03
14                                     1.3323713067592018e+03
15                                     3.1238362969773070e+03
16                                     3.2145236665845523e+03
17                                     3.2145891138642864e+03
   &zpe [&Type "Double"]       3.6278328440514346e-02
   &innerEnergyU [&Type "Double"]      -1.2502474837578250e+01
   &enthalpyH [&Type "Double"]      -1.2501530628535990e+01
   &qEl [&Type "Double"]       0.0000000000000000e+00
   &qRot [&Type "Double"]       1.0996054323939321e-02
   &qVib [&Type "Double"]       3.1177602908604965e-03
   &qTrans [&Type "Double"]       1.9247041860113716e-02
   &entropyS [&Type "Double"]       3.3360856474913533e-02
   &freeEnergyG [&Type "Double"]      -1.2534891485010904e+01
   &isLinear [&Type "Boolean"] false
$End
$Calculation_Info
   &GeometryIndex 7
   &Mult [&Type "Integer"] 1
   &Charge [&Type "Integer"] -1
   &NumOfAtoms [&Type "Integer"] 6
   &NumOfElectrons [&Type "Integer"] 0
   &NumOfBasisFuncts [&Type "Integer"] 0
   &NumOfAuxCBasisFuncts [&Type "Integer"] 0
   &NumOfAuxJBasisFuncts [&Type "Integer"] 0
   &NumOfAuxJKBasisFuncts [&Type "Integer"] 0
   &NumOfCABSBasisFuncts [&Type "Integer"] 0
$End
$Calculation_Timings
   &GeometryIndex 7
   &GSTEP [&Type "Double"]       1.7667999999999906e-02
   &XTB [&Type "Double"]       1.0912409999999999e+00
   &XTBGRAD [&Type "Double"]       2.1529999999998495e-03
   &SUM [&Type "Double"]       1.1110619999999995e+00
$End
