*************************************************
******************* ORCA 6.1.0 ******************
*************************************************
$Calculation_Status
   &GeometryIndex 0
   &version [&Type "String"] "6.1.0"
   &progName [&Type "String"] "orca"
   &Status [&Type "String"] "NORMAL TERMINATION"
$End
$Geometry
   &GeometryIndex 1
   &NAtoms [&Type "Integer"] 6
   &NCorelessECP [&Type "Integer"] 0
   &NGhostAtoms [&Type "Integer"] 0
   &CartesianCoordinates [&Type "Coordinates", &Dim(6,4), &Units "Bohr"] 
              C      0.000000000000    0.000000000000   -0.138327953003
              H      0.000000000000    2.050352855305    0.000000000000
              H      1.775658485025   -1.025176427652    0.000000000000
              H     -1.775658485025   -1.025176427652    0.000000000000
              I      0.000000000000    0.000000000000    4.916689455236
              Cl     0.000000000000    0.000000000000   -4.847525478735
$End
$Single_Point_Data
   &GeometryIndex 1
   &FinalEnergy [&Type "Double"]      -1.2261014823780000e+01  "Final single point energy"
   &Converged [&Type "Boolean"] true
$End
$Hessian
   &GeometryIndex 1
   &HESSIAN [&Type "ArrayOfDoubles", &Dim (18,18)] "The Hessian"
                                                         0                           1                           2                           3                           4                           5                           6                           7

0                                      5.2885075410000004e-01         1.2000000000000000e-09        -1.8931999999999999e-06        -4.5282871500000002e-02        -1.3648000000000000e-06         2.6200000000000000e-08        -2.3137417669999999e-01         1.0744105079999999e-01
1                                      1.2000000000000000e-09         5.2885362219999998e-01        -6.6961000000000001e-06        -1.3696000000000000e-06        -2.9340833770000002e-01        -1.9592976599999999e-02         1.0744585020000000e-01        -1.0731568180000001e-01
2                                     -1.8931999999999999e-06        -6.6961000000000001e-06        -3.0515394400000000e-02         4.9000000000000000e-09        -1.5180892300000000e-02        -1.0476644400000000e-02        -1.3140767100000001e-02         7.6000245999999997e-03
3                                     -4.5282871500000002e-02        -1.3696000000000000e-06         4.9000000000000000e-09         4.3001622599999997e-02         1.4965000000000000e-06         4.4300000000000000e-08         1.0148721000000000e-03         2.4241052200000002e-02
4                                     -1.3648000000000000e-06        -2.9340833770000002e-01        -1.5180892300000000e-02         1.4965000000000000e-06         3.1706144289999999e-01         1.4904406100000000e-02        -4.3779099999999998e-04        -1.2736307200000000e-02
5                                      2.6200000000000000e-08        -1.9592976599999999e-02        -1.0476644400000000e-02         4.4300000000000000e-08         1.4904406100000000e-02         3.3952217299999997e-02        -4.6073240000000002e-04         5.4405380000000002e-04
6                                     -2.3137417669999999e-01         1.0744585020000000e-01        -1.3140767100000001e-02         1.0148721000000000e-03        -4.3779099999999998e-04        -4.6073240000000002e-04         2.4853310460000000e-01        -1.1867487200000000e-01
7                                      1.0744105079999999e-01        -1.0731568180000001e-01         7.6000245999999997e-03         2.4241052200000002e-02        -1.2736307200000000e-02         5.4405380000000002e-04        -1.1867487200000000e-01         1.1152281070000000e-01
8                                     -1.6967970499999999e-02         9.7972170000000004e-03        -1.0476729400000001e-02         2.4101839999999999e-04        -6.7095290000000003e-04        -5.2576600000000001e-05         1.2906908000000000e-02        -7.4536901000000003e-03
9                                     -2.3137619449999999e-01        -1.0744448410000000e-01         1.3142393600000000e-02         1.0146076000000000e-03         4.3764500000000002e-04         4.6073019999999998e-04        -1.9594031099999999e-02        -1.2332622900000000e-02
10                                    -1.0743968530000000e-01        -1.0731343000000000e-01         7.6006826000000003e-03        -2.4241202199999999e-02        -1.2736067300000001e-02         5.4422050000000005e-04         1.2332901900000000e-02         7.8935258000000005e-03
11                                     1.6969630600000001e-02         9.7977702999999996e-03        -1.0476944900000000e-02        -2.4103899999999999e-04        -6.7095079999999997e-04        -5.2577300000000002e-05        -7.0285560000000005e-04         1.2572660000000001e-04
12                                    -9.0144982000000002e-03         4.5999999999999998e-09         1.1380000000000000e-07        -4.2884240000000000e-04         4.0000000000000002e-09        -1.0400000000000000e-08        -9.7645499999999999e-05        -1.9119070000000001e-04
13                                    -1.0000000000000001e-09        -9.0138521000000006e-03        -6.5815999999999998e-06         3.3899999999999999e-08         1.7261000000000000e-05         8.6503710000000004e-03        -1.8668579999999999e-04        -3.2107090000000000e-04
14                                     5.7000000000000001e-08         1.3653000000000001e-06         2.6945563799999999e-02        -1.7000000000000000e-08         5.8916610000000005e-04        -1.5708699999999999e-02         5.0902930000000003e-04        -2.9660139999999999e-04
15                                    -1.1803013200000000e-02        -2.2999999999999999e-09         1.4789999999999999e-07         6.8061170000000004e-04         1.0400000000000000e-08        -5.7800000000000001e-08         1.5178767000000001e-03        -4.8341729999999998e-04
16                                    -8.9999999999999999e-10        -1.1802320599999999e-02        -6.5373000000000001e-06        -1.0700000000000000e-08         1.8020084000000000e-03        -5.0500748000000002e-03        -4.7940340000000002e-04         9.5672339999999995e-04
17                                     1.4990000000000001e-07         3.3201000000000002e-06         3.5000149299999998e-02        -1.1600000000000000e-08         1.0292238000000000e-03        -7.6617190000000000e-03         8.8841780000000002e-04        -5.1951340000000001e-04
                                                         8                           9                          10                          11                          12                          13                          14                          15

0                                     -1.6967970499999999e-02        -2.3137619449999999e-01        -1.0743968530000000e-01         1.6969630600000001e-02        -9.0144982000000002e-03        -1.0000000000000001e-09         5.7000000000000001e-08        -1.1803013200000000e-02
1                                      9.7972170000000004e-03        -1.0744448410000000e-01        -1.0731343000000000e-01         9.7977702999999996e-03         4.5999999999999998e-09        -9.0138521000000006e-03         1.3653000000000001e-06        -2.2999999999999999e-09
2                                     -1.0476729400000001e-02         1.3142393600000000e-02         7.6006826000000003e-03        -1.0476944900000000e-02         1.1380000000000000e-07        -6.5815999999999998e-06         2.6945563799999999e-02         1.4789999999999999e-07
3                                      2.4101839999999999e-04         1.0146076000000000e-03        -2.4241202199999999e-02        -2.4103899999999999e-04        -4.2884240000000000e-04         3.3899999999999999e-08        -1.7000000000000000e-08         6.8061170000000004e-04
4                                     -6.7095290000000003e-04         4.3764500000000002e-04        -1.2736067300000001e-02        -6.7095079999999997e-04         4.0000000000000002e-09         1.7261000000000000e-05         5.8916610000000005e-04         1.0400000000000000e-08
5                                     -5.2576600000000001e-05         4.6073019999999998e-04         5.4422050000000005e-04        -5.2577300000000002e-05        -1.0400000000000000e-08         8.6503710000000004e-03        -1.5708699999999999e-02        -5.7800000000000001e-08
6                                      1.2906908000000000e-02        -1.9594031099999999e-02         1.2332901900000000e-02        -7.0285560000000005e-04        -9.7645499999999999e-05        -1.8668579999999999e-04         5.0902930000000003e-04         1.5178767000000001e-03
7                                     -7.4536901000000003e-03        -1.2332622900000000e-02         7.8935258000000005e-03         1.2572660000000001e-04        -1.9119070000000001e-04        -3.2107090000000000e-04        -2.9660139999999999e-04        -4.8341729999999998e-04
8                                      3.3952237900000001e-02         7.0299420000000004e-04         1.2563710000000001e-04        -5.2561400000000001e-05         7.4909738999999996e-03        -4.3242610000000003e-03        -1.5708669900000000e-02        -4.3739240000000004e-03
9                                      7.0299420000000004e-04         2.4853540510000000e-01         1.1867339210000000e-01        -1.2908487900000000e-02        -9.7696599999999996e-05         1.8665430000000001e-04        -5.0913930000000003e-04         1.5179096000000000e-03
10                                     1.2563710000000001e-04         1.1867339210000000e-01         1.1152033490000000e-01        -7.4543821000000003e-03         1.9118670000000000e-04        -3.2107590000000002e-04        -2.9663459999999998e-04         4.8340690000000001e-04
11                                    -5.2561400000000001e-05        -1.2908487900000000e-02        -7.4543821000000003e-03         3.3952416200000002e-02        -7.4911307000000002e-03        -4.3241744000000002e-03        -1.5708609299999999e-02         4.3738826000000001e-03
12                                     7.4909738999999996e-03        -9.7696599999999996e-05         1.9118670000000000e-04        -7.4911307000000002e-03         7.3820480000000004e-03        -2.4000000000000000e-09         1.1150000000000000e-07         2.2566347999999998e-03
13                                    -4.3242610000000003e-03         1.8665430000000001e-04        -3.2107590000000002e-04        -4.3241744000000002e-03        -2.4000000000000000e-09         7.3820216999999997e-03         1.3929000000000000e-06         1.0999999999999999e-09
14                                    -1.5708669900000000e-02        -5.0913930000000003e-04        -2.9663459999999998e-04        -1.5708609299999999e-02         1.1150000000000000e-07         1.3929000000000000e-06         3.5135686399999998e-02        -4.1500000000000001e-08
15                                    -4.3739240000000004e-03         1.5179096000000000e-03         4.8340690000000001e-04         4.3738826000000001e-03         2.2566347999999998e-03         1.0999999999999999e-09        -4.1500000000000001e-08         5.8299805000000000e-03
16                                     2.5260501000000002e-03         4.7941569999999998e-04         9.5671250000000003e-04         2.5260104000000001e-03        -2.1000000000000002e-09         2.2567162999999999e-03         1.3118000000000001e-06         1.3000000000000001e-09
17                                    -7.6617005999999998e-03        -8.8849079999999997e-04        -5.1952349999999999e-04        -7.6617233000000002e-03        -5.8099999999999997e-08         3.2530999999999998e-06        -1.4955270900000000e-02        -7.0999999999999999e-09
                                                        16                          17

0                                     -8.9999999999999999e-10         1.4990000000000001e-07
1                                     -1.1802320599999999e-02         3.3201000000000002e-06
2                                     -6.5373000000000001e-06         3.5000149299999998e-02
3                                     -1.0700000000000000e-08        -1.1600000000000000e-08
4                                      1.8020084000000000e-03         1.0292238000000000e-03
5                                     -5.0500748000000002e-03        -7.6617190000000000e-03
6                                     -4.7940340000000002e-04         8.8841780000000002e-04
7                                      9.5672339999999995e-04        -5.1951340000000001e-04
8                                      2.5260501000000002e-03        -7.6617005999999998e-03
9                                      4.7941569999999998e-04        -8.8849079999999997e-04
10                                     9.5671250000000003e-04        -5.1952349999999999e-04
11                                     2.5260104000000001e-03        -7.6617233000000002e-03
12                                    -2.1000000000000002e-09        -5.8099999999999997e-08
13                                     2.2567162999999999e-03         3.2530999999999998e-06
14                                     1.3118000000000001e-06        -1.4955270900000000e-02
15                                     1.3000000000000001e-09        -7.0999999999999999e-09
16                                     5.8301600999999996e-03         3.2399999999999999e-06
17                                     3.2399999999999999e-06         2.9402644999999999e-03
   &MODES [&Type "ArrayOfDoubles", &Dim (18,18)] "The modes of vibrations"
                                                         0                           1                           2                           3                           4                           5                           6                           7

0                                      0.0000000000000000e+00         0.0000000000000000e+00         0.0000000000000000e+00         0.0000000000000000e+00         0.0000000000000000e+00         0.0000000000000000e+00         8.2203633598017574e-07        -2.1362720314795811e-07
1                                      0.0000000000000000e+00         0.0000000000000000e+00         0.0000000000000000e+00         0.0000000000000000e+00         0.0000000000000000e+00         0.0000000000000000e+00        -3.9266856620495898e-05         3.9510983116303895e-06
2                                      0.0000000000000000e+00         0.0000000000000000e+00         0.0000000000000000e+00         0.0000000000000000e+00         0.0000000000000000e+00         0.0000000000000000e+00         2.6716908778344417e-01         6.8348898433086683e-02
3                                      0.0000000000000000e+00         0.0000000000000000e+00         0.0000000000000000e+00         0.0000000000000000e+00         0.0000000000000000e+00         0.0000000000000000e+00         2.4679658014581386e-07        -2.9807756442261368e-07
4                                      0.0000000000000000e+00         0.0000000000000000e+00         0.0000000000000000e+00         0.0000000000000000e+00         0.0000000000000000e+00         0.0000000000000000e+00         1.0124147642005475e-02         1.5297884701428925e-03
5                                      0.0000000000000000e+00         0.0000000000000000e+00         0.0000000000000000e+00         0.0000000000000000e+00         0.0000000000000000e+00         0.0000000000000000e+00         5.4294702192101543e-02         3.1068336336473056e-02
6                                      0.0000000000000000e+00         0.0000000000000000e+00         0.0000000000000000e+00         0.0000000000000000e+00         0.0000000000000000e+00         0.0000000000000000e+00         8.7846907133350798e-03         1.3214259455502511e-03
7                                      0.0000000000000000e+00         0.0000000000000000e+00         0.0000000000000000e+00         0.0000000000000000e+00         0.0000000000000000e+00         0.0000000000000000e+00        -5.1594308388791029e-03        -7.5826674728317247e-04
8                                      0.0000000000000000e+00         0.0000000000000000e+00         0.0000000000000000e+00         0.0000000000000000e+00         0.0000000000000000e+00         0.0000000000000000e+00         5.4297617305779165e-02         3.1068000560133549e-02
9                                      0.0000000000000000e+00         0.0000000000000000e+00         0.0000000000000000e+00         0.0000000000000000e+00         0.0000000000000000e+00         0.0000000000000000e+00        -8.7844527767605429e-03        -1.3220778551673912e-03
10                                     0.0000000000000000e+00         0.0000000000000000e+00         0.0000000000000000e+00         0.0000000000000000e+00         0.0000000000000000e+00         0.0000000000000000e+00        -5.1595784422090772e-03        -7.5829893713703043e-04
11                                     0.0000000000000000e+00         0.0000000000000000e+00         0.0000000000000000e+00         0.0000000000000000e+00         0.0000000000000000e+00         0.0000000000000000e+00         5.4297723765155466e-02         3.1068298895861369e-02
12                                     0.0000000000000000e+00         0.0000000000000000e+00         0.0000000000000000e+00         0.0000000000000000e+00         0.0000000000000000e+00         0.0000000000000000e+00        -3.9590104659052923e-08         1.3067098698013869e-08
13                                     0.0000000000000000e+00         0.0000000000000000e+00         0.0000000000000000e+00         0.0000000000000000e+00         0.0000000000000000e+00         0.0000000000000000e+00         2.5559610733086396e-06        -2.3219474152076899e-07
14                                     0.0000000000000000e+00         0.0000000000000000e+00         0.0000000000000000e+00         0.0000000000000000e+00         0.0000000000000000e+00         0.0000000000000000e+00        -1.0335617971291178e-02        -4.5764241249255773e-02
15                                     0.0000000000000000e+00         0.0000000000000000e+00         0.0000000000000000e+00         0.0000000000000000e+00         0.0000000000000000e+00         0.0000000000000000e+00        -1.5056850393890100e-07         5.2611868988008895e-08
16                                     0.0000000000000000e+00         0.0000000000000000e+00         0.0000000000000000e+00         0.0000000000000000e+00         0.0000000000000000e+00         0.0000000000000000e+00         9.6946178563530051e-06        -8.8341458072596582e-07
17                                     0.0000000000000000e+00         0.0000000000000000e+00         0.0000000000000000e+00         0.0000000000000000e+00         0.0000000000000000e+00         0.0000000000000000e+00        -5.8149413488822820e-02         1.3800223740083906e-01
                                                         8                           9                          10                          11                          12                          13                          14                          15

0                                      2.4045556523165779e-01        -1.2015848519915083e-04         1.7639127123082204e-05         3.6547842278099535e-04         1.4766652530482706e-07         2.8216336292890357e-06         9.2592454824515572e-02        -3.5235851393987662e-08
1                                      1.2015817986814728e-04         2.4045597082645725e-01         3.6972122557133369e-04        -1.7814672754850735e-05         9.1638167078013397e-06        -9.2590719557699569e-02         2.8147718285586318e-06         1.9891982531990294e-05
2                                     -6.2152510576147850e-07         4.7408725805088622e-05         1.1933574683095918e-06        -2.0926979021011035e-08         3.9017126809051998e-02         1.6260989561298253e-05        -2.7445426442184251e-07        -6.8133991595189019e-03
3                                      2.4737156332761495e-01        -1.2359121809205989e-04        -1.9119887523094863e-03        -3.9683090654137700e-02        -2.0821703773758876e-06        -2.7580005082218782e-05        -7.6759892864990387e-01         1.5772238911647171e-07
4                                      1.2120116290904534e-04         2.4257736478575156e-01        -4.7699254937433502e-02         2.2998711953445146e-03         2.8006827090062393e-02        -5.3211396093456251e-02         5.9608545317647067e-06         5.7414515153094625e-01
5                                      9.7035552883855230e-06         2.0878360435895110e-02         8.0913784122861687e-01        -3.9009410240667161e-02        -5.6611886504448106e-01         3.4911983901791697e-02         1.5244573772434936e-06         2.6544128151978593e-02
6                                      2.4376941267891042e-01         1.9659816423058946e-03         1.2543618281158236e-03        -4.5865443671669788e-02         2.4224315153291522e-02         3.5547855288268160e-01        -1.5197651586181149e-01         4.9737626347517955e-01
7                                      2.2033753006383710e-03         2.4616220397727537e-01        -4.1542395259160494e-02         5.4857481342406138e-03        -1.4024966620544199e-02         5.6234690734077097e-01        -3.5545730905068218e-01        -2.8721615139615186e-01
8                                      1.8061581584649506e-02        -1.0420214760070101e-02        -3.7083727578802089e-01         7.2027229355367339e-01        -5.6604185947842689e-01        -1.7499787274660950e-02        -3.0228229957835202e-02         2.6556393799116635e-02
9                                      2.4376714376472830e-01        -2.2096063648314470e-03        -5.6627747572938203e-03        -4.5536973422424916e-02        -2.4228268165556090e-02        -3.5548354796036180e-01        -1.5194731161754788e-01        -4.9737592237154732e-01
10                                    -1.9573380163923435e-03         2.4616425802325884e-01        -4.1879819051965000e-02        -1.4633726056688023e-03        -1.4024844610040259e-02         5.6237587006457790e-01         3.5541875298341274e-01        -2.8721613658201250e-01
11                                    -1.8073723644935608e-02        -1.0401790818116896e-02        -4.3840614508821940e-01        -6.8125849028495400e-01        -5.6604072644546921e-01        -1.7495107298022280e-02         3.0230777171788382e-02         2.6559864514050298e-02
12                                    -1.3822362487963849e-02         6.9065642293712645e-06         1.2172330618561518e-04         2.5247793498689554e-03         1.5422289631880104e-08        -7.1040140484218641e-09        -8.8497966522692992e-05        -5.3721414700139315e-09
13                                    -6.9069409894978854e-06        -1.3822371985668764e-02         2.5247236903634396e-03        -1.2172244752022942e-04        -3.7819566890268433e-07         8.8547627989229701e-05         4.6729298368994423e-10         2.0092834754657874e-07
14                                    -8.0190495043871374e-09        -1.2411236756323513e-06         4.3161069787024046e-07        -2.6159439078661958e-08         6.4552191173106697e-03        -1.5337080969101332e-07        -5.1525880012503853e-09        -1.0148885091053512e-05
15                                    -5.2882446591381568e-02         2.6427502134158377e-05        -2.6196897909602372e-04        -5.4339567603355057e-03         6.6362590298010773e-08        -4.3285113870429924e-09        -5.8676683968150484e-04         1.6983779489860125e-08
16                                    -2.6426690027961559e-05        -5.2882427947304515e-02        -5.4341724803235354e-03         2.6197291983944817e-04        -5.2874392709717047e-07         5.8632460590946425e-04        -2.8532126281968762e-08         7.0552927258500314e-07
17                                     3.0859922898266437e-07        -1.3221259351167637e-05         1.0526463400238286e-06        -2.4178081189524481e-08         1.1959073886155679e-02        -2.6027143996924070e-06        -4.3412719310850947e-09         7.9710074356739306e-05
                                                        16                          17

0                                      9.2916134861486130e-02         4.7268519136066833e-07
1                                     -4.6435412825509540e-07         9.2916786627708831e-02
2                                     -3.2851993937360243e-07         1.1231826081045145e-06
3                                      3.7768637595184541e-02        -4.1002360595138752e-06
4                                     -2.7636038035289719e-07        -7.6785789200728860e-01
5                                     -1.3327156871170998e-07        -4.3773926097667594e-02
6                                     -5.6637336147514206e-01         3.4871093953689314e-01
7                                      3.4880533893683086e-01        -1.6356868536241900e-01
8                                     -3.7907310845866925e-02         2.1879392759754129e-02
9                                     -5.6637698378057144e-01        -3.4871235891376245e-01
10                                    -3.4879951962785050e-01        -1.6356477029707150e-01
11                                     3.7911277662880632e-02         2.1881802581609447e-02
12                                    -3.2950248108941867e-05        -3.2918304901240569e-09
13                                    -4.1920850081793747e-09        -3.2931425837858641e-05
14                                     2.6640522836762659e-10         1.0229072130637479e-09
15                                    -2.2826694537757348e-04         8.5770255839190079e-09
16                                     1.4724870483579579e-08        -2.2828104246392378e-04
17                                     1.3491766496158059e-09        -2.2219583020564996e-08
$End
$THERMOCHEMISTRY_Energies
   &GeometryIndex 1
   &temperature [&Type "Double"]       2.9814999999999998e+02
   &pressure [&Type "Double"]       1.0000000000000000e+00
   &totalMass [&Type "Double"]       1.7738800000000001e+02
   &spinDegeneracy [&Type "Integer"] 1
   &elEnergy [&Type "Double"]      -1.2261014823780000e+01
   &transEnergy [&Type "Double"]       1.4162714244859817e-03
   &rotEnergy [&Type "Double"]       1.4162714244859817e-03
   &vibEnergy [&Type "Double"]       2.0197021778262849e-03
   &numOfFreqs [&Type "Integer"] 18
   &freqScalingFactor [&Type "Double"]       1.0000000000000000e+00
   &FREQ [&Type "ArrayOfDoubles", &Units "cm^-1", &Dim (18,1)] 
                                                         0

0                                      0.0000000000000000e+00
1                                      0.0000000000000000e+00
2                                      0.0000000000000000e+00
3                                      0.0000000000000000e+00
4                                      0.0000000000000000e+00
5                                      0.0000000000000000e+00
6                                     -3.2257276685576096e+02
7                                      1.2237988097964016e+02
8                                      1.8503744793784347e+02
9                                      1.8504014356034230e+02
10                                     9.3176504755444989e+02
11                                     9.3176536121076720e+02
12                                     9.4740898447840118e+02
13                                     1.3674591080558614e+03
14                                     1.3674931392142958e+03
15                                     2.9405424192685136e+03
16                                     3.0222285113650673e+03
17                                     3.0222427263917143e+03
   &zpe [&Type "Double"]       3.4225738749450681e-02
   &innerEnergyU [&Type "Double"]      -1.2221936840003753e+01
   &enthalpyH [&Type "Double"]      -1.2220992630961494e+01
   &qEl [&Type "Double"]       0.0000000000000000e+00
   &qRot [&Type "Double"]       1.1352450197411478e-02
   &qVib [&Type "Double"]       3.7480475276225771e-03
   &qTrans [&Type "Double"]       1.9683005332529695e-02
   &entropyS [&Type "Double"]       3.4783503057563746e-02
   &freeEnergyG [&Type "Double"]      -1.2255776134019058e+01
   &isLinear [&Type "Boolean"] false
$End
$Geometry
   &GeometryIndex 2
   &NAtoms [&Type "Integer"] 6
   &NCorelessECP [&Type "Integer"] 0
   &NGhostAtoms [&Type "Integer"] 0
   &CartesianCoordinates [&Type "Coordinates", &Dim(6,4), &Units "Bohr"] 
              C      0.000000281029   -0.000002004912   -0.089371242713
              H      0.000000151068    2.040252711708   -0.035350366459
              H      1.766909803542   -1.020133071288   -0.035353422083
              H     -1.766909684484   -1.020133176987   -0.035353155699
              I     -0.000000318087    0.000008300964    4.858357135680
              Cl    -0.000000233068    0.000007240515   -4.732092925227
$End
$Single_Point_Data
   &GeometryIndex 2
   &FinalEnergy [&Type "Double"]      -1.2265636514810000e+01  "Final single point energy"
   &Converged [&Type "Boolean"] true
$End
$Geometry
   &GeometryIndex 3
   &NAtoms [&Type "Integer"] 6
   &NCorelessECP [&Type "Integer"] 0
   &NGhostAtoms [&Type "Integer"] 0
   &CartesianCoordinates [&Type "Coordinates", &Dim(6,4), &Units "Bohr"] 
              C     -0.000000017396    0.000002692090   -0.074373148001
              H      0.000000005896    2.034400929452   -0.070397832969
              H      1.761844792424   -1.017191239451   -0.070393032138
              H     -1.761844795843   -1.017191248229   -0.070392973546
              I     -0.000000006798   -0.000011171008    4.819763422931
              Cl     0.000000021716   -0.000009962853   -4.603370412779
$End
$Single_Point_Data
   &GeometryIndex 3
   &FinalEnergy [&Type "Double"]      -1.2268948651350000e+01  "Final single point energy"
   &Converged [&Type "Boolean"] true
$End
$Geometry
   &GeometryIndex 4
   &NAtoms [&Type "Integer"] 6
   &NCorelessECP [&Type "Integer"] 0
   &NGhostAtoms [&Type "Integer"] 0
   &CartesianCoordinates [&Type "Coordinates", &Dim(6,4), &Units "Bohr"] 
              C     -0.000000005921    0.000002292720   -0.063380865839
              H      0.000000008406    2.028160492231   -0.094796065018
              H      1.756439559074   -1.014072382890   -0.094792576829
              H     -1.756439565751   -1.014072396448   -0.094792492668
              I     -0.000000016581   -0.000009496347    4.796836502918
              Cl     0.000000020773   -0.000008509266   -4.518238479066
$End
$Single_Point_Data
   &GeometryIndex 4
   &FinalEnergy [&Type "Double"]      -1.2270623698250001e+01  "Final single point energy"
   &Converged [&Type "Boolean"] true
$End
$Geometry
   &GeometryIndex 5
   &NAtoms [&Type "Integer"] 6
   &NCorelessECP [&Type "Integer"] 0
   &NGhostAtoms [&Type "Integer"] 0
   &CartesianCoordinates [&Type "Coordinates", &Dim(6,4), &Units "Bohr"] 
              C     -0.000000029623    0.000002853539   -0.061124769077
              H     -0.000000007387    2.024139556721   -0.110873985545
              H      1.752956371537   -1.012061184704   -0.110871770440
              H     -1.752956399208   -1.012061192145   -0.110871702444
              I      0.000000015383   -0.000010251124    4.785503154461
              Cl     0.000000049298   -0.000009782287   -4.460924903457
$End
$Single_Point_Data
   &GeometryIndex 5
   &FinalEnergy [&Type "Double"]      -1.2271394558130000e+01  "Final single point energy"
   &Converged [&Type "Boolean"] true
$End
$Geometry
   &GeometryIndex 6
   &NAtoms [&Type "Integer"] 6
   &NCorelessECP [&Type "Integer"] 0
   &NGhostAtoms [&Type "Integer"] 0
   &CartesianCoordinates [&Type "Coordinates", &Dim(6,4), &Units "Bohr"] 
              C     -0.000000034849    0.000002624992   -0.062287931905
              H     -0.000000011649    2.021012332265   -0.122662065388
              H      1.750247745486   -1.010498585837   -0.122660462420
              H     -1.750247779212   -1.010498591853   -0.122660418685
              I      0.000000027570   -0.000009114238    4.779034857853
              Cl     0.000000052654   -0.000008665329   -4.417927955956
$End
$Single_Point_Data
   &GeometryIndex 6
   &FinalEnergy [&Type "Double"]      -1.2271786893280000e+01  "Final single point energy"
   &Converged [&Type "Boolean"] true
$End
$Hessian
   &GeometryIndex 6
   &HESSIAN [&Type "ArrayOfDoubles", &Dim (18,18)] "The Hessian"
                                                         0                           1                           2                           3                           4                           5                           6                           7

0                                      5.8200442939999997e-01         2.7400000000000001e-08        -2.1206999999999999e-06        -4.1982867000000000e-02        -1.4873999999999999e-06         1.8309999999999999e-07        -2.5814399929999998e-01         1.2480162409999999e-01
1                                      2.7400000000000001e-08         5.8200423050000005e-01        -7.3439000000000001e-06        -1.4815999999999999e-06        -3.3019625029999999e-01         9.9826854000000000e-03         1.2480872610000000e-01        -1.1404073900000000e-01
2                                     -2.1206999999999999e-06        -7.3439000000000001e-06        -4.7394771199999998e-02         1.3269999999999999e-07         9.4760146000000007e-03        -4.0420380000000004e-03         8.2112434999999998e-03        -4.7292697999999998e-03
3                                     -4.1982867000000000e-02        -1.4815999999999999e-06         1.3269999999999999e-07         4.1343800600000001e-02         1.6266000000000000e-06        -5.5299999999999999e-08         6.1827600000000004e-05         2.3834121800000000e-02
4                                     -1.4873999999999999e-06        -3.3019625029999999e-01         9.4760146000000007e-03         1.6266000000000000e-06         3.5489507339999998e-01        -9.1833250000000009e-03        -2.9335420000000002e-04        -1.3539157899999999e-02
5                                      1.8309999999999999e-07         9.9826854000000000e-03        -4.0420380000000004e-03        -5.5299999999999999e-08        -9.1833250000000009e-03         3.8424662599999999e-02        -3.1254660000000001e-04        -1.0798233000000000e-03
6                                     -2.5814399929999998e-01         1.2480872610000000e-01         8.2112434999999998e-03         6.1827600000000004e-05        -2.9335420000000002e-04        -3.1254660000000001e-04         2.7648846110000003e-01        -1.3578291710000001e-01
7                                      1.2480162409999999e-01        -1.1404073900000000e-01        -4.7292697999999998e-03         2.3834121800000000e-02        -1.3539157899999999e-02        -1.0798233000000000e-03        -1.3578291710000001e-01         1.1974338990000000e-01
8                                      8.6439801000000004e-03        -4.9912411000000000e-03        -4.0414068000000003e-03        -1.0921484000000000e-03         2.6890179999999999e-04        -5.2350800000000000e-04        -7.9526566000000000e-03         4.5915217000000001e-03
9                                     -2.5814674050000003e-01        -1.2480727120000000e-01        -8.2095432000000006e-03         6.1567200000000002e-05         2.9321529999999998e-04         3.1253310000000002e-04        -2.0307542899999999e-02        -1.2052798500000000e-02
10                                    -1.2480015960000000e-01        -1.1403813600000000e-01        -4.7282696000000004e-03        -2.3834283200000000e-02        -1.3538925500000000e-02        -1.0796626999999999e-03         1.2053075200000001e-02         6.8684256000000003e-03
11                                    -8.6422566999999999e-03        -4.9903094000000002e-03        -4.0413226999999998e-03         1.0921512000000000e-03         2.6889290000000000e-04        -5.2351660000000001e-04         7.7863960000000001e-04         8.1160670000000000e-04
12                                    -1.1613769600000001e-02         5.7999999999999998e-09         1.5099999999999999e-07         1.0076220000000000e-04        -2.0000000000000001e-09        -1.6099999999999999e-08         9.2102670000000005e-04        -4.7358559999999999e-04
13                                    -2.2999999999999999e-09        -1.1612500700000000e-02        -5.3654000000000003e-06         3.8799999999999997e-08         1.2018294999999999e-03         9.1284881000000002e-03        -4.6667509999999998e-04         3.6982399999999999e-04
14                                     9.6600000000000005e-08        -2.9063999999999998e-06         3.0181306799999998e-02        -5.1900000000000002e-08        -1.0210198000000000e-03        -1.7664291299999999e-02        -8.8171919999999995e-04         5.1480560000000000e-04
15                                    -1.2117052999999999e-02        -6.5000000000000003e-09         1.3680000000000001e-07         4.1490949999999999e-04         1.6000000000000001e-09        -9.8099999999999998e-08         9.8022670000000008e-04        -3.2644480000000001e-04
16                                    -2.2999999999999999e-09        -1.2116604600000001e-02        -5.7659000000000001e-06        -2.2500000000000000e-08         1.1774308000000000e-03        -7.7683626000000002e-03        -3.1885490000000002e-04         5.9825750000000000e-04
17                                     1.1770000000000000e-07         9.1153000000000006e-06         2.9338231900000001e-02        -2.8299999999999999e-08         1.9053540000000001e-04        -1.5671308599999999e-02         1.5703930000000001e-04        -1.0884100000000000e-04
                                                         8                           9                          10                          11                          12                          13                          14                          15

0                                      8.6439801000000004e-03        -2.5814674050000003e-01        -1.2480015960000000e-01        -8.6422566999999999e-03        -1.1613769600000001e-02        -2.2999999999999999e-09         9.6600000000000005e-08        -1.2117052999999999e-02
1                                     -4.9912411000000000e-03        -1.2480727120000000e-01        -1.1403813600000000e-01        -4.9903094000000002e-03         5.7999999999999998e-09        -1.1612500700000000e-02        -2.9063999999999998e-06        -6.5000000000000003e-09
2                                     -4.0414068000000003e-03        -8.2095432000000006e-03        -4.7282696000000004e-03        -4.0413226999999998e-03         1.5099999999999999e-07        -5.3654000000000003e-06         3.0181306799999998e-02         1.3680000000000001e-07
3                                     -1.0921484000000000e-03         6.1567200000000002e-05        -2.3834283200000000e-02         1.0921512000000000e-03         1.0076220000000000e-04         3.8799999999999997e-08        -5.1900000000000002e-08         4.1490949999999999e-04
4                                      2.6890179999999999e-04         2.9321529999999998e-04        -1.3538925500000000e-02         2.6889290000000000e-04        -2.0000000000000001e-09         1.2018294999999999e-03        -1.0210198000000000e-03         1.6000000000000001e-09
5                                     -5.2350800000000000e-04         3.1253310000000002e-04        -1.0796626999999999e-03        -5.2351660000000001e-04        -1.6099999999999999e-08         9.1284881000000002e-03        -1.7664291299999999e-02        -9.8099999999999998e-08
6                                     -7.9526566000000000e-03        -2.0307542899999999e-02         1.2053075200000001e-02         7.7863960000000001e-04         9.2102670000000005e-04        -4.6667509999999998e-04        -8.8171919999999995e-04         9.8022670000000008e-04
7                                      4.5915217000000001e-03        -1.2052798500000000e-02         6.8684256000000003e-03         8.1160670000000000e-04        -4.7358559999999999e-04         3.6982399999999999e-04         5.1480560000000000e-04        -3.2644480000000001e-04
8                                      3.8422472899999997e-02        -7.7848879999999998e-04         8.1153040000000001e-04        -5.2113799999999998e-04         7.9052474000000008e-03        -4.5645353000000003e-03        -1.7664493699999999e-02        -6.7259338000000002e-03
9                                     -7.7848879999999998e-04         2.7649143729999998e-01         1.3578133740000001e-01         7.9510339999999992e-03         9.2099429999999995e-04         4.6663839999999999e-04         8.8161250000000000e-04         9.8028460000000009e-04
10                                     8.1153040000000001e-04         1.3578133740000001e-01         1.1974057140000000e-01         4.5904837000000000e-03         4.7358730000000003e-04         3.6981379999999998e-04         5.1478549999999998e-04         3.2644279999999998e-04
11                                    -5.2113799999999998e-04         7.9510339999999992e-03         4.5904837000000000e-03         3.8422359199999999e-02        -7.9054255000000004e-03        -4.5644400999999999e-03        -1.7664425300000001e-02         6.7258574000000002e-03
12                                     7.9052474000000008e-03         9.2099429999999995e-04         4.7358730000000003e-04        -7.9054255000000004e-03         7.6017723999999998e-03        -3.0000000000000000e-09         1.4090000000000000e-07         2.0692140000000002e-03
13                                    -4.5645353000000003e-03         4.6663839999999999e-04         3.6981379999999998e-04        -4.5644400999999999e-03        -3.0000000000000000e-09         7.6018965999999997e-03        -2.5712999999999998e-06         3.0000000000000000e-09
14                                    -1.7664493699999999e-02         8.8161250000000000e-04         5.1478549999999998e-04        -1.7664425300000001e-02         1.4090000000000000e-07        -2.5712999999999998e-06         4.6789092400000003e-02        -7.8899999999999998e-08
15                                    -6.7259338000000002e-03         9.8028460000000009e-04         3.2644279999999998e-04         6.7258574000000002e-03         2.0692140000000002e-03         3.0000000000000000e-09        -7.8899999999999998e-08         7.6724180999999999e-03
16                                     3.8838224000000000e-03         3.1887849999999999e-04         5.9825079999999999e-04         3.8837660999999999e-03        -2.5000000000000001e-09         2.0691368999999999e-03        -3.0935999999999999e-06         3.8000000000000001e-09
17                                    -1.5671926300000000e-02        -1.5714759999999999e-04        -1.0886729999999999e-04        -1.5671956599999998e-02        -9.7699999999999995e-08         8.4239000000000008e-06        -2.3977188900000002e-02         1.1660000000000000e-07
                                                        16                          17

0                                     -2.2999999999999999e-09         1.1770000000000000e-07
1                                     -1.2116604600000001e-02         9.1153000000000006e-06
2                                     -5.7659000000000001e-06         2.9338231900000001e-02
3                                     -2.2500000000000000e-08        -2.8299999999999999e-08
4                                      1.1774308000000000e-03         1.9053540000000001e-04
5                                     -7.7683626000000002e-03        -1.5671308599999999e-02
6                                     -3.1885490000000002e-04         1.5703930000000001e-04
7                                      5.9825750000000000e-04        -1.0884100000000000e-04
8                                      3.8838224000000000e-03        -1.5671926300000000e-02
9                                      3.1887849999999999e-04        -1.5714759999999999e-04
10                                     5.9825079999999999e-04        -1.0886729999999999e-04
11                                     3.8837660999999999e-03        -1.5671956599999998e-02
12                                    -2.5000000000000001e-09        -9.7699999999999995e-08
13                                     2.0691368999999999e-03         8.4239000000000008e-06
14                                    -3.0935999999999999e-06        -2.3977188900000002e-02
15                                     3.8000000000000001e-09         1.1660000000000000e-07
16                                     7.6735286999999996e-03         9.6336000000000004e-06
17                                     9.6336000000000004e-06         4.1654148400000000e-02
   &MODES [&Type "ArrayOfDoubles", &Dim (18,18)] "The modes of vibrations"
                                                         0                           1                           2                           3                           4                           5                           6                           7

0                                      0.0000000000000000e+00         0.0000000000000000e+00         0.0000000000000000e+00         0.0000000000000000e+00         0.0000000000000000e+00         0.0000000000000000e+00        -9.2696122728038340e-07        -6.2786256021106037e-07
1                                      0.0000000000000000e+00         0.0000000000000000e+00         0.0000000000000000e+00         0.0000000000000000e+00         0.0000000000000000e+00         0.0000000000000000e+00         4.0859925351099778e-05         6.0644648592073221e-04
2                                      0.0000000000000000e+00         0.0000000000000000e+00         0.0000000000000000e+00         0.0000000000000000e+00         0.0000000000000000e+00         0.0000000000000000e+00        -2.7566945942916216e-01         3.7440977979524871e-02
3                                      0.0000000000000000e+00         0.0000000000000000e+00         0.0000000000000000e+00         0.0000000000000000e+00         0.0000000000000000e+00         0.0000000000000000e+00        -2.0618907178016058e-07        -6.5425523626448981e-07
4                                      0.0000000000000000e+00         0.0000000000000000e+00         0.0000000000000000e+00         0.0000000000000000e+00         0.0000000000000000e+00         0.0000000000000000e+00         6.9928458530132990e-03         4.9691635120622146e-04
5                                      0.0000000000000000e+00         0.0000000000000000e+00         0.0000000000000000e+00         0.0000000000000000e+00         0.0000000000000000e+00         0.0000000000000000e+00        -3.6189657863140061e-03         4.4361717815979175e-02
6                                      0.0000000000000000e+00         0.0000000000000000e+00         0.0000000000000000e+00         0.0000000000000000e+00         0.0000000000000000e+00         0.0000000000000000e+00         6.0421515438711538e-03        -8.2824610862441311e-05
7                                      0.0000000000000000e+00         0.0000000000000000e+00         0.0000000000000000e+00         0.0000000000000000e+00         0.0000000000000000e+00         0.0000000000000000e+00        -3.3860889860613344e-03         7.1487450844524663e-04
8                                      0.0000000000000000e+00         0.0000000000000000e+00         0.0000000000000000e+00         0.0000000000000000e+00         0.0000000000000000e+00         0.0000000000000000e+00        -3.6192231542687670e-03         4.4351604657534731e-02
9                                      0.0000000000000000e+00         0.0000000000000000e+00         0.0000000000000000e+00         0.0000000000000000e+00         0.0000000000000000e+00         0.0000000000000000e+00        -6.0422337141377118e-03         8.1575796623592644e-05
10                                     0.0000000000000000e+00         0.0000000000000000e+00         0.0000000000000000e+00         0.0000000000000000e+00         0.0000000000000000e+00         0.0000000000000000e+00        -3.3858982942086115e-03         7.1490866416822898e-04
11                                     0.0000000000000000e+00         0.0000000000000000e+00         0.0000000000000000e+00         0.0000000000000000e+00         0.0000000000000000e+00         0.0000000000000000e+00        -3.6194114141769318e-03         4.4351859608727534e-02
12                                     0.0000000000000000e+00         0.0000000000000000e+00         0.0000000000000000e+00         0.0000000000000000e+00         0.0000000000000000e+00         0.0000000000000000e+00         4.3114752023089648e-08         3.4898783316599833e-08
13                                     0.0000000000000000e+00         0.0000000000000000e+00         0.0000000000000000e+00         0.0000000000000000e+00         0.0000000000000000e+00         0.0000000000000000e+00        -2.6831517207067645e-06        -3.4306305809811386e-05
14                                     0.0000000000000000e+00         0.0000000000000000e+00         0.0000000000000000e+00         0.0000000000000000e+00         0.0000000000000000e+00         0.0000000000000000e+00         1.4731528386075445e-02        -4.4559070617319299e-02
15                                     0.0000000000000000e+00         0.0000000000000000e+00         0.0000000000000000e+00         0.0000000000000000e+00         0.0000000000000000e+00         0.0000000000000000e+00         1.6791626892564859e-07         1.4190324200364110e-07
16                                     0.0000000000000000e+00         0.0000000000000000e+00         0.0000000000000000e+00         0.0000000000000000e+00         0.0000000000000000e+00         0.0000000000000000e+00        -1.0518208652573250e-05        -1.3744031972298825e-04
17                                     0.0000000000000000e+00         0.0000000000000000e+00         0.0000000000000000e+00         0.0000000000000000e+00         0.0000000000000000e+00         0.0000000000000000e+00         4.0971973772834146e-02         1.4302633828693895e-01
                                                         8                           9                          10                          11                          12                          13                          14                          15

0                                     -2.3973200829485852e-01         3.7773204290687281e-04        -1.5565388274627956e-08        -1.3072639496881044e-02        -4.2216255165960784e-06         1.6854128408153398e-05         9.2494765498413498e-02        -8.2527140423659225e-08
1                                      3.7772915675510189e-04         2.3973186091151258e-01        -2.5088664078982704e-06        -4.1782754835966885e-06         1.3070105395000723e-02        -9.2490720079367136e-02         1.6846108214289845e-05         2.2131852942016260e-05
2                                      6.8031295485165156e-07        -4.0809437131197201e-05        -1.4501452015774362e-02         6.5781812863290784e-08        -3.6274415652162904e-06         1.7964572005033735e-05        -2.4773518066855056e-07         3.7259474704027335e-03
3                                     -2.4923579409861749e-01         3.9263830873397345e-04         1.7766631021051721e-06         5.4654755262344167e-02         1.6369737179814241e-05        -1.4390614450436584e-04        -7.6581184258663337e-01        -4.8898417466299920e-09
4                                      3.8329876035081092e-04         2.4324251460441479e-01         1.5301243850025939e-02         4.4690229391373754e-06        -1.4410096766263810e-02        -5.5012963422631796e-02         1.4376765671518217e-05         5.7466992126101346e-01
5                                      4.0060230605485932e-06         2.0493796669924912e-03         5.6832495041958619e-01         2.6471933279398791e-04        -8.0939924365548599e-01        -6.2426708229192697e-02         1.4223951935020355e-05        -1.5063852543543066e-02
6                                     -2.4473405642600629e-01         2.9977234693453528e-03         1.3254132670863977e-02         2.4473260255078993e-02        -1.7424674185360933e-02         3.5548790036032329e-01        -1.5023066848555852e-01         4.9782228951506274e-01
7                                     -2.2187259572045768e-03         2.4773438933236411e-01        -7.6387010200626455e-03         1.7444382968812840e-02        -4.4594378078112763e-02         5.6048929282025062e-01        -3.5554943945107548e-01        -2.8750515637497859e-01
8                                     -1.8841292044893643e-03        -1.1914824621813232e-03         5.6812562856024795e-01         7.0091011543932213e-01         4.0506860596459149e-01         3.1213314603840574e-02         5.4047997688416477e-02        -1.5072852379043322e-02
9                                     -2.4474223046213961e-01        -2.2264175716166954e-03        -1.3250265551301528e-02         2.4456701368189473e-02         1.7441580086566478e-02        -3.5553820929667529e-01        -1.5009416305161694e-01        -4.9782119055551471e-01
10                                     2.9993527375510058e-03         2.4772613739721450e-01        -7.6385198957152050e-03        -1.7415415896108889e-02        -4.4603518952520294e-02         5.6062642666767226e-01         3.5534085833382839e-01        -2.8750451624734019e-01
11                                     1.8818833136220365e-03        -1.1971444623026200e-03         5.6812744186370090e-01        -7.0117317527101553e-01         4.0461081219363815e-01         3.1195631414502361e-02        -5.4058817353201255e-02        -1.5069308220807130e-02
12                                     1.3480850144624299e-02        -2.1241408927767057e-05        -2.3049300565909372e-08         2.3211868491852835e-03         7.5781620338262012e-07        -8.2612726448808211e-09        -2.7603004269587437e-05        -5.6988210489297808e-09
13                                    -2.1240816556511917e-05        -1.3480841055829531e-02         3.8851843661209076e-07         7.5491508309445491e-07        -2.3209804734564041e-03         2.7532880842012275e-05        -4.2760324906469045e-10         2.8164235476156302e-07
14                                     2.3467570450126564e-07         1.1055941669065348e-04        -6.3497612383336026e-03        -1.7642470711315050e-08        -1.1750295088793630e-06         9.0083623546538326e-07        -1.7794700878842122e-09        -1.8392561492024563e-05
15                                     5.3967874253557625e-02        -8.5032593420448450e-05        -7.2688370670171820e-08        -6.8247125147454894e-03        -2.2283805495246439e-06        -1.5845709273266970e-07        -9.2477476215930361e-04         1.7250771745777308e-08
16                                    -8.5033205251656665e-05        -5.3967599838887374e-02        -1.2237078076022587e-06        -2.2372448486565238e-06         6.8254941451932494e-03         9.2461958594796648e-04        -1.8408474660415088e-07         1.1537323128993825e-06
17                                    -1.1205200985088722e-06        -3.7226374617408222e-04        -2.0823428305200793e-02        -6.3197170989120868e-09        -2.5311102995254641e-06        -8.8055815896104736e-06        -6.4919594488900103e-09         8.8830909510376153e-05
                                                        16                          17

0                                     -1.7664334915621006e-04         9.3235125656101564e-02
1                                      9.3237888996677315e-02         1.7665945828972281e-04
2                                     -8.5846502838077000e-07        -3.2248914421859119e-07
3                                     -7.2589602440674894e-05         3.6107281274482518e-02
4                                     -7.6852869802977486e-01        -1.4597237528503186e-03
5                                      2.3174041197879816e-02         4.3889523251977723e-05
6                                      3.4934752067137531e-01        -5.6662914196802183e-01
7                                     -1.6565640871313309e-01         3.4806110972975673e-01
8                                     -1.1620959286486435e-02         2.0041680857918499e-02
9                                     -3.4719367931259398e-01        -5.6795729853592414e-01
10                                    -1.6432908974427102e-01        -3.4868269474457275e-01
11                                    -1.1542304911120894e-02        -2.0081744306340181e-02
12                                     7.8315428338084837e-08        -4.3574085462102184e-05
13                                    -4.3555687123670163e-05        -8.6125111749393995e-08
14                                     4.2695332627416044e-09        -1.0399831834337867e-10
15                                     3.8990405516444786e-07        -1.9887034403281653e-04
16                                    -1.9887620184524517e-04        -3.6578678896671308e-07
17                                    -3.0857659149385786e-08         8.4424643424749229e-10
$End
$THERMOCHEMISTRY_Energies
   &GeometryIndex 6
   &temperature [&Type "Double"]       2.9814999999999998e+02
   &pressure [&Type "Double"]       1.0000000000000000e+00
   &totalMass [&Type "Double"]       1.7738800000000001e+02
   &spinDegeneracy [&Type "Integer"] 1
   &elEnergy [&Type "Double"]      -1.2271786893280000e+01
   &transEnergy [&Type "Double"]       1.4162714244859817e-03
   &rotEnergy [&Type "Double"]       1.4162714244859817e-03
   &vibEnergy [&Type "Double"]       1.8581530709410354e-03
   &numOfFreqs [&Type "Integer"] 18
   &freqScalingFactor [&Type "Double"]       1.0000000000000000e+00
   &FREQ [&Type "ArrayOfDoubles", &Units "cm^-1", &Dim (18,1)] 
                                                         0

0                                      0.0000000000000000e+00
1                                      0.0000000000000000e+00
2                                      0.0000000000000000e+00
3                                      0.0000000000000000e+00
4                                      0.0000000000000000e+00
5                                      0.0000000000000000e+00
6                                     -3.4545337708360353e+02
7                                      1.7740016878108165e+02
8                                      1.9631798505016053e+02
9                                      1.9632519138446779e+02
10                                     9.9834200931211228e+02
11                                     1.0056453747931837e+03
12                                     1.0057055820524180e+03
13                                     1.3420634861404287e+03
14                                     1.3421777692757630e+03
15                                     3.1068581213488214e+03
16                                     3.1962073789740925e+03
17                                     3.1962337427518264e+03
   &zpe [&Type "Double"]       3.5911386963671445e-02
   &innerEnergyU [&Type "Double"]      -1.2231184810396416e+01
   &enthalpyH [&Type "Double"]      -1.2230240601354156e+01
   &qEl [&Type "Double"]       0.0000000000000000e+00
   &qRot [&Type "Double"]       1.1229500392237324e-02
   &qVib [&Type "Double"]       3.3302495058591861e-03
   &qTrans [&Type "Double"]       1.9683005332529695e-02
   &entropyS [&Type "Double"]       3.4242755230626205e-02
   &freeEnergyG [&Type "Double"]      -1.2264483356584782e+01
   &isLinear [&Type "Boolean"] false
$End
$Geometry
   &GeometryIndex 7
   &NAtoms [&Type "Integer"] 6
   &NCorelessECP [&Type "Integer"] 0
   &NGhostAtoms [&Type "Integer"] 0
   &CartesianCoordinates [&Type "Coordinates", &Dim(6,4), &Units "Bohr"] 
              C      0.000000071251    0.000013899131   -0.069800354555
              H      0.000000111739    2.016017034653   -0.139414592552
              H      1.745916396860   -1.007972080441   -0.139415628689
              H     -1.745916246127   -1.007972122441   -0.139415519218
              I     -0.000000178524   -0.000040902707    4.772651533694
              Cl    -0.000000155199   -0.000045828194   -4.353769415182
$End
$Single_Point_Data
   &GeometryIndex 7
   &FinalEnergy [&Type "Double"]      -1.2272073698830001e+01  "Final single point energy"
   &Converged [&Type "Boolean"] true
$End
$Geometry
   &GeometryIndex 8
   &NAtoms [&Type "Integer"] 6
   &NCorelessECP [&Type "Integer"] 0
   &NGhostAtoms [&Type "Integer"] 0
   &CartesianCoordinates [&Type "Coordinates", &Dim(6,4), &Units "Bohr"] 
              C     -0.000000010997    0.000000608519   -0.075443136512
              H      0.000000000085    2.014160176194   -0.145532812951
              H      1.744313704103   -1.007078511047   -0.145530453254
              H     -1.744313704100   -1.007078511143   -0.145530446645
              I      0.000000000277   -0.000003405162    4.772415430343
              Cl     0.000000010631   -0.000000357361   -4.329542557483
$End
$Single_Point_Data
   &GeometryIndex 8
   &FinalEnergy [&Type "Double"]      -1.2272091169999999e+01  "Final single point energy"
   &Converged [&Type "Boolean"] true
$End
$Geometry
   &GeometryIndex 9
   &NAtoms [&Type "Integer"] 6
   &NCorelessECP [&Type "Integer"] 0
   &NGhostAtoms [&Type "Integer"] 0
   &CartesianCoordinates [&Type "Coordinates", &Dim(6,4), &Units "Bohr"] 
              C     -0.000000012697    0.000000159345   -0.076467756546
              H     -0.000000008717    2.014241484076   -0.144897345668
              H      1.744384178746   -1.007120355561   -0.144897858326
              H     -1.744384194613   -1.007120354655   -0.144897855629
              I      0.000000013163   -0.000001465142    4.773268709820
              Cl     0.000000024119    0.000000531937   -4.331271870153
$End
$Single_Point_Data
   &GeometryIndex 9
   &FinalEnergy [&Type "Double"]      -1.2272091358500001e+01  "Final single point energy"
   &Converged [&Type "Boolean"] true
$End
$Hessian
   &GeometryIndex 9
   &HESSIAN [&Type "ArrayOfDoubles", &Dim (18,18)] "The Hessian"
                                                         0                           1                           2                           3                           4                           5                           6                           7

0                                      5.9294662499999995e-01         1.1700000000000001e-08        -2.1081000000000002e-06        -4.1272593699999999e-02        -1.5221000000000000e-06         1.9340000000000000e-07        -2.6370003530000002e-01         1.2842011370000000e-01
1                                      1.1700000000000001e-08         5.9295036599999995e-01        -7.5608999999999999e-06        -1.5142000000000000e-06        -3.3784003660000000e-01         1.1859892200000000e-02         1.2842630629999999e-01        -1.1542244409999999e-01
2                                     -2.1081000000000002e-06        -7.5608999999999999e-06        -4.9951860600000002e-02         1.2080000000000000e-07         1.0759819600000000e-02        -2.6183313999999999e-03         9.3237804000000004e-03        -5.3705015000000004e-03
3                                     -4.1272593699999999e-02        -1.5142000000000000e-06         1.2080000000000000e-07         4.0952208800000001e-02         1.6600000000000000e-06        -5.0799999999999998e-08        -1.7764359999999999e-04         2.3746323900000001e-02
4                                     -1.5221000000000000e-06        -3.3784003660000000e-01         1.0759819600000000e-02         1.6600000000000000e-06         3.6291502959999999e-01        -9.6064335000000008e-03        -2.4556349999999997e-04        -1.3756352800000000e-02
5                                      1.9340000000000000e-07         1.1859892200000000e-02        -2.6183313999999999e-03        -5.0799999999999998e-08        -9.6064335000000008e-03         3.9761909900000003e-02        -2.2996489999999999e-04        -9.5092180000000003e-04
6                                     -2.6370003530000002e-01         1.2842630629999999e-01         9.3237804000000004e-03        -1.7764359999999999e-04        -2.4556349999999997e-04        -2.2996489999999999e-04         2.8240460940000001e-01        -1.3942642529999999e-01
7                                      1.2842011370000000e-01        -1.1542244409999999e-01        -5.3705015000000004e-03         2.3746323900000001e-02        -1.3756352800000000e-02        -9.5092180000000003e-04        -1.3942642529999999e-01         1.2145869719999999e-01
8                                      1.0270216400000001e-02        -5.9305438000000002e-03        -2.6180103000000001e-03        -9.4052109999999997e-04         2.7582790000000001e-04        -6.7366530000000004e-04        -8.3191389999999997e-03         4.8034339999999997e-03
9                                     -2.6370285900000001e-01        -1.2842480100000001e-01        -9.3221031999999992e-03        -1.7789330000000001e-04         2.4543319999999999e-04         2.2995660000000001e-04        -2.0510186199999999e-02        -1.1985209199999999e-02
10                                    -1.2841859799999999e-01        -1.1541975650000000e-01        -5.3694776000000003e-03        -2.3746478700000000e-02        -1.3756109000000001e-02        -9.5075979999999997e-04         1.1985491300000000e-02         6.6201113000000002e-03
11                                    -1.0268463199999999e-02        -5.9295763999999999e-03        -2.6179509999999999e-03         9.4052540000000003e-04         2.7582989999999999e-04        -6.7367010000000005e-04         7.0880080000000005e-04         6.7713660000000005e-04
12                                    -1.1681567299999999e-02         5.6999999999999998e-09         1.7109999999999999e-07         2.6061779999999999e-04        -6.1000000000000000e-09        -1.9499999999999999e-08         1.1643510000000001e-03        -5.2175170000000001e-04
13                                    -2.4000000000000000e-09        -1.1679718500000000e-02        -5.6601000000000002e-06         3.7499999999999998e-08         1.4738200000000000e-03         8.6948645999999994e-03        -5.1453890000000002e-04         5.5672770000000005e-04
14                                     6.7000000000000004e-08        -3.9102000000000003e-06         3.0216073499999999e-02        -3.3099999999999999e-08        -1.4115363000000000e-03        -1.7469615399999999e-02        -1.2190062000000000e-03         7.1160159999999995e-04
15                                    -1.2589569700000001e-02        -8.5000000000000000e-09         1.3899999999999999e-07         4.1530400000000002e-04        -1.5000000000000000e-09        -1.1480000000000000e-07         8.1890469999999999e-04        -2.3305130000000001e-04
16                                    -2.7999999999999998e-09        -1.2588410300000000e-02        -6.6193999999999997e-06        -2.8400000000000000e-08         9.6364870000000002e-04        -9.0466416000000004e-03        -2.2526990000000001e-04         5.4326069999999997e-04
17                                     9.4500000000000006e-08         1.1699200000000000e-05         2.7590079800000000e-02        -4.1199999999999998e-08        -2.9350749999999999e-04        -1.8326627700000001e-02        -2.6447109999999999e-04         1.2925109999999999e-04
                                                         8                           9                          10                          11                          12                          13                          14                          15

0                                      1.0270216400000001e-02        -2.6370285900000001e-01        -1.2841859799999999e-01        -1.0268463199999999e-02        -1.1681567299999999e-02        -2.4000000000000000e-09         6.7000000000000004e-08        -1.2589569700000001e-02
1                                     -5.9305438000000002e-03        -1.2842480100000001e-01        -1.1541975650000000e-01        -5.9295763999999999e-03         5.6999999999999998e-09        -1.1679718500000000e-02        -3.9102000000000003e-06        -8.5000000000000000e-09
2                                     -2.6180103000000001e-03        -9.3221031999999992e-03        -5.3694776000000003e-03        -2.6179509999999999e-03         1.7109999999999999e-07        -5.6601000000000002e-06         3.0216073499999999e-02         1.3899999999999999e-07
3                                     -9.4052109999999997e-04        -1.7789330000000001e-04        -2.3746478700000000e-02         9.4052540000000003e-04         2.6061779999999999e-04         3.7499999999999998e-08        -3.3099999999999999e-08         4.1530400000000002e-04
4                                      2.7582790000000001e-04         2.4543319999999999e-04        -1.3756109000000001e-02         2.7582989999999999e-04        -6.1000000000000000e-09         1.4738200000000000e-03        -1.4115363000000000e-03        -1.5000000000000000e-09
5                                     -6.7366530000000004e-04         2.2995660000000001e-04        -9.5075979999999997e-04        -6.7367010000000005e-04        -1.9499999999999999e-08         8.6948645999999994e-03        -1.7469615399999999e-02        -1.1480000000000000e-07
6                                     -8.3191389999999997e-03        -2.0510186199999999e-02         1.1985491300000000e-02         7.0880080000000005e-04         1.1643510000000001e-03        -5.1453890000000002e-04        -1.2190062000000000e-03         8.1890469999999999e-04
7                                      4.8034339999999997e-03        -1.1985209199999999e-02         6.6201113000000002e-03         6.7713660000000005e-04        -5.2175170000000001e-04         5.5672770000000005e-04         7.1160159999999995e-04        -2.3305130000000001e-04
8                                      3.9759257999999999e-02        -7.0864039999999999e-04         6.7706620000000000e-04        -6.7092240000000004e-04         7.5301726000000001e-03        -4.3482453999999999e-03        -1.7469435299999999e-02        -7.8320885000000007e-03
9                                     -7.0864039999999999e-04         2.8240763629999999e-01         1.3942477549999999e-01         8.3174866999999996e-03         1.1643306999999999e-03         5.1450300000000003e-04         1.2189267000000000e-03         8.1897150000000000e-04
10                                     6.7706620000000000e-04         1.3942477549999999e-01         1.2145578200000000e-01         4.8023659000000002e-03         5.2175759999999996e-04         5.5671650000000002e-04         7.1156840000000002e-04         2.3305230000000000e-04
11                                    -6.7092240000000004e-04         8.3174866999999996e-03         4.8023659000000002e-03         3.9759148799999998e-02        -7.5303514000000004e-03        -4.3481531000000000e-03        -1.7469357299999998e-02         7.8320017000000006e-03
12                                     7.5301726000000001e-03         1.1643306999999999e-03         5.2175759999999996e-04        -7.5303514000000004e-03         7.1540503000000000e-03        -2.8999999999999999e-09         1.3530000000000000e-07         1.9382175000000001e-03
13                                    -4.3482453999999999e-03         5.1450300000000003e-04         5.5671650000000002e-04        -4.3481531000000000e-03        -2.8999999999999999e-09         7.1541816999999997e-03        -3.5155000000000001e-06         3.8000000000000001e-09
14                                    -1.7469435299999999e-02         1.2189267000000000e-03         7.1156840000000002e-04        -1.7469357299999998e-02         1.3530000000000000e-07        -3.5155000000000001e-06         4.7620516000000002e-02        -8.9700000000000003e-08
15                                    -7.8320885000000007e-03         8.1897150000000000e-04         2.3305230000000000e-04         7.8320017000000006e-03         1.9382175000000001e-03         3.8000000000000001e-09        -8.9700000000000003e-08         8.5981719999999994e-03
16                                     4.5224612000000003e-03         2.2529850000000000e-04         5.4325580000000003e-04         4.5223970999999996e-03        -2.5000000000000001e-09         1.9382725000000000e-03        -4.2079000000000000e-06         5.2000000000000002e-09
17                                    -1.8327224600000001e-02         2.6437360000000003e-04         1.2923709999999999e-04        -1.8327248099999999e-02        -1.0820000000000000e-07         1.0709600000000000e-05        -2.5428181500000001e-02         1.5230000000000001e-07
                                                        16                          17

0                                     -2.7999999999999998e-09         9.4500000000000006e-08
1                                     -1.2588410300000000e-02         1.1699200000000000e-05
2                                     -6.6193999999999997e-06         2.7590079800000000e-02
3                                     -2.8400000000000000e-08        -4.1199999999999998e-08
4                                      9.6364870000000002e-04        -2.9350749999999999e-04
5                                     -9.0466416000000004e-03        -1.8326627700000001e-02
6                                     -2.2526990000000001e-04        -2.6447109999999999e-04
7                                      5.4326069999999997e-04         1.2925109999999999e-04
8                                      4.5224612000000003e-03        -1.8327224600000001e-02
9                                      2.2529850000000000e-04         2.6437360000000003e-04
10                                     5.4325580000000003e-04         1.2923709999999999e-04
11                                     4.5223970999999996e-03        -1.8327248099999999e-02
12                                    -2.5000000000000001e-09        -1.0820000000000000e-07
13                                     1.9382725000000000e-03         1.0709600000000000e-05
14                                    -4.2079000000000000e-06        -2.5428181500000001e-02
15                                     5.2000000000000002e-09         1.5230000000000001e-07
16                                     8.5999726000000002e-03         1.2610599999999999e-05
17                                     1.2610599999999999e-05         5.2819202199999998e-02
   &MODES [&Type "ArrayOfDoubles", &Dim (18,18)] "The modes of vibrations"
                                                         0                           1                           2                           3                           4                           5                           6                           7

0                                      0.0000000000000000e+00         0.0000000000000000e+00         0.0000000000000000e+00         0.0000000000000000e+00         0.0000000000000000e+00         0.0000000000000000e+00        -1.0092112669904778e-06        -8.3267171907460369e-07
1                                      0.0000000000000000e+00         0.0000000000000000e+00         0.0000000000000000e+00         0.0000000000000000e+00         0.0000000000000000e+00         0.0000000000000000e+00         4.4643551806755094e-05         1.3910992996773531e-03
2                                      0.0000000000000000e+00         0.0000000000000000e+00         0.0000000000000000e+00         0.0000000000000000e+00         0.0000000000000000e+00         0.0000000000000000e+00        -2.7639678401398465e-01         3.3488247958191407e-02
3                                      0.0000000000000000e+00         0.0000000000000000e+00         0.0000000000000000e+00         0.0000000000000000e+00         0.0000000000000000e+00         0.0000000000000000e+00        -3.4159041195985788e-07        -8.0429408501633811e-07
4                                      0.0000000000000000e+00         0.0000000000000000e+00         0.0000000000000000e+00         0.0000000000000000e+00         0.0000000000000000e+00         0.0000000000000000e+00         8.1182686459199196e-03         1.6585652404106294e-03
5                                      0.0000000000000000e+00         0.0000000000000000e+00         0.0000000000000000e+00         0.0000000000000000e+00         0.0000000000000000e+00         0.0000000000000000e+00         7.4575136155664761e-03         5.2240272293596859e-02
6                                      0.0000000000000000e+00         0.0000000000000000e+00         0.0000000000000000e+00         0.0000000000000000e+00         0.0000000000000000e+00         0.0000000000000000e+00         7.0166591109811789e-03         2.5048046396082302e-04
7                                      0.0000000000000000e+00         0.0000000000000000e+00         0.0000000000000000e+00         0.0000000000000000e+00         0.0000000000000000e+00         0.0000000000000000e+00        -3.9368984490391100e-03         1.3527899762290365e-03
8                                      0.0000000000000000e+00         0.0000000000000000e+00         0.0000000000000000e+00         0.0000000000000000e+00         0.0000000000000000e+00         0.0000000000000000e+00         7.4585091856330804e-03         5.2330914117876312e-02
9                                      0.0000000000000000e+00         0.0000000000000000e+00         0.0000000000000000e+00         0.0000000000000000e+00         0.0000000000000000e+00         0.0000000000000000e+00        -7.0169174523696922e-03        -2.5205486660733096e-04
10                                     0.0000000000000000e+00         0.0000000000000000e+00         0.0000000000000000e+00         0.0000000000000000e+00         0.0000000000000000e+00         0.0000000000000000e+00        -3.9366531771512624e-03         1.3528093480122670e-03
11                                     0.0000000000000000e+00         0.0000000000000000e+00         0.0000000000000000e+00         0.0000000000000000e+00         0.0000000000000000e+00         0.0000000000000000e+00         7.4580477294517262e-03         5.2331075323504533e-02
12                                     0.0000000000000000e+00         0.0000000000000000e+00         0.0000000000000000e+00         0.0000000000000000e+00         0.0000000000000000e+00         0.0000000000000000e+00         4.7620034189430260e-08         4.5309813330593416e-08
13                                     0.0000000000000000e+00         0.0000000000000000e+00         0.0000000000000000e+00         0.0000000000000000e+00         0.0000000000000000e+00         0.0000000000000000e+00        -2.8721101402347081e-06        -7.7621003250568239e-05
14                                     0.0000000000000000e+00         0.0000000000000000e+00         0.0000000000000000e+00         0.0000000000000000e+00         0.0000000000000000e+00         0.0000000000000000e+00         1.5213691107667347e-02        -4.4439474760137689e-02
15                                     0.0000000000000000e+00         0.0000000000000000e+00         0.0000000000000000e+00         0.0000000000000000e+00         0.0000000000000000e+00         0.0000000000000000e+00         1.8851396056615201e-07         1.8754776778985783e-07
16                                     0.0000000000000000e+00         0.0000000000000000e+00         0.0000000000000000e+00         0.0000000000000000e+00         0.0000000000000000e+00         0.0000000000000000e+00        -1.1802038751093683e-05        -3.1753212019001802e-04
17                                     0.0000000000000000e+00         0.0000000000000000e+00         0.0000000000000000e+00         0.0000000000000000e+00         0.0000000000000000e+00         0.0000000000000000e+00         3.8547691539054102e-02         1.4325965421845197e-01
                                                         8                           9                          10                          11                          12                          13                          14                          15

0                                     -2.3952026625698161e-01         3.2118218536850190e-04        -4.3726338766304360e-08         9.8237238073861470e-03         5.8117122821888009e-08         9.4670636669894061e-06         9.2843505975223395e-02         3.9165842518759079e-08
1                                      3.2117328395817588e-04         2.3951779396187939e-01         8.0466393233463253e-06        -1.0329987058141520e-07         9.8150321295025419e-03        -9.2836896688757151e-02         9.4596746671443225e-06         2.2605581835894498e-05
2                                      6.5753443497555540e-07        -1.3503000255029438e-04        -9.2762897031849721e-03        -1.6019135552931970e-07        -1.2618822548214821e-06         1.9725671641479038e-05        -2.1460599794721384e-07         4.1159873029454029e-03
3                                     -2.4942979762178216e-01         3.3439725522276708e-04         2.0831496524496327e-06        -6.1140453331816329e-02        -1.6835146372283318e-06        -8.2400206292754604e-05        -7.6518420602153159e-01        -2.9318299673365817e-09
4                                      3.2542387303420708e-04         2.4265738083641747e-01         1.5497049088280727e-02         3.9084917333290909e-07        -1.8846048593846015e-02        -5.5729213102073016e-02         9.9991375895177891e-06         5.7465080485356324e-01
5                                     -1.3873408187775026e-05        -1.0939810370677931e-02         5.6739272813721742e-01         5.1510563350783016e-06        -8.0922037765186772e-01        -6.5197873252065774e-02         9.4865366409289568e-06        -1.5416814797273979e-02
6                                     -2.4434164208420769e-01         3.2675788138365695e-03         1.3399348868549229e-02        -2.9409139502600688e-02        -1.8310616714232193e-02         3.5554992434249189e-01        -1.4950419479643345e-01         4.9780013539942697e-01
7                                     -2.6038184650149128e-03         2.4772014289261490e-01        -7.7762046912768050e-03        -1.8321154234493181e-02        -5.0543264599086750e-02         5.5986722001591416e-01        -3.5554520565219694e-01        -2.8750128963719862e-01
8                                      9.1960929368600786e-03         4.9879157558535584e-03         5.6751071591483704e-01        -7.0075407121949596e-01         4.0452498712737489e-01         3.2637651212114878e-02         5.6509276008764160e-02        -1.5427180270640099e-02
9                                     -2.4434953704238177e-01        -2.6122083225133732e-03        -1.3395193590582626e-02        -2.9404185952935011e-02         1.8311296049148464e-02        -3.5557597953182180e-01        -1.4942469767647706e-01        -4.9780044131477769e-01
10                                     3.2681128816351005e-03         2.4771232755619008e-01        -7.7762110560214261e-03         1.8321567693310704e-02        -5.0540927012751619e-02         5.5994732857535356e-01         3.5542674761434817e-01        -2.8750146287222583e-01
11                                    -9.1813412649628182e-03         5.0127415301249728e-03         5.6750476445436049e-01         7.0075666571396089e-01         4.0452917411211747e-01         3.2628136405367630e-02        -5.6515445560750437e-02        -1.5423654382579621e-02
12                                     1.3318406560024979e-02        -1.7859427150912497e-05        -1.1830831446281610e-08        -2.1293496314117939e-03        -5.2745913750979565e-09        -8.1451816338968187e-09        -4.8094438216704532e-05        -5.9694307618104637e-09
13                                    -1.7858412451958676e-05        -1.3318227179081862e-02        -3.5486646465966707e-07         8.4044394781996680e-09        -2.1290572787837285e-03         4.7994398848772906e-05        -1.9592644123983722e-10         3.0042261212223711e-07
14                                     4.3212569426837227e-07         2.5585048061747714e-04        -6.0391186051751101e-03        -1.4678954004013934e-08         4.4080166434306791e-07         1.0280978126686549e-06        -4.5263857613562733e-09        -3.1718468316750617e-05
15                                     5.4460781037085536e-02        -7.3027495882677711e-05        -1.2021000974488225e-07         7.7041471975091650e-03         2.7741348931825662e-08        -9.4554462733220157e-08        -1.0271109010890509e-03         1.6879186169723567e-08
16                                    -7.3026706045743289e-05        -5.4459700571070045e-02         1.1829638513746646e-07        -1.7954223309785219e-08         7.7053761288897989e-03         1.0260192012423147e-03        -1.2040498408057617e-07         1.2727826756393374e-06
17                                    -1.7944796355856361e-06        -8.4333947255096247e-04        -2.3643861099280451e-02        -1.1340923397652581e-07         3.5755755572693428e-06        -1.2293694041506460e-05        -5.4012223893552315e-09         3.4573682898938891e-05
                                                        16                          17

0                                      3.7068495053882116e-05        -9.3261398892083389e-02
1                                     -9.3264854233474193e-02        -3.7079868857317130e-05
2                                      8.5965170419184178e-07         3.1583055175695229e-07
3                                      1.8457076964427517e-05        -3.5945988645067088e-02
4                                      7.6848187330758178e-01         3.0981568246314477e-04
5                                     -2.4137090580418841e-02        -9.5944765357786227e-06
6                                     -3.4840696323142706e-01         5.6715645873391796e-01
7                                      1.6524742784612831e-01        -3.4821984257927746e-01
8                                      1.2073034139810351e-02        -2.0892405485068953e-02
9                                      3.4795175166162273e-01         5.6744051573654675e-01
10                                     1.6496330167156864e-01         3.4834677460916380e-01
11                                     1.2053787755275883e-02         2.0898169352250629e-02
12                                    -1.5128880525711972e-08         4.8843271149294593e-05
13                                     4.8828283801039006e-05         2.3020724441662979e-08
14                                    -7.0915933527183390e-09         3.1325016776102806e-10
15                                    -8.6348415384874218e-08         1.8402553442492262e-04
16                                     1.8406654827590605e-04         6.2146528228196263e-08
17                                     2.6104459218752056e-08         7.9152752849200375e-10
$End
$THERMOCHEMISTRY_Energies
   &GeometryIndex 9
   &temperature [&Type "Double"]       2.9814999999999998e+02
   &pressure [&Type "Double"]       1.0000000000000000e+00
   &totalMass [&Type "Double"]       1.7738800000000001e+02
   &spinDegeneracy [&Type "Integer"] 1
   &elEnergy [&Type "Double"]      -1.2272091358500001e+01
   &transEnergy [&Type "Double"]       1.4162714244859817e-03
   &rotEnergy [&Type "Double"]       1.4162714244859817e-03
   &vibEnergy [&Type "Double"]       1.8301463883404951e-03
   &numOfFreqs [&Type "Integer"] 18
   &freqScalingFactor [&Type "Double"]       1.0000000000000000e+00
   &FREQ [&Type "ArrayOfDoubles", &Units "cm^-1", &Dim (18,1)] 
                                                         0

0                                      0.0000000000000000e+00
1                                      0.0000000000000000e+00
2                                      0.0000000000000000e+00
3                                      0.0000000000000000e+00
4                                      0.0000000000000000e+00
5                                      0.0000000000000000e+00
6                                     -3.5160660909959034e+02
7                                      1.8732986778325144e+02
8                                      1.9795186700710417e+02
9                                      1.9796410113700705e+02
10                                     1.0131967821127165e+03
11                                     1.0245488392200471e+03
12                                     1.0246209968808087e+03
13                                     1.3359859104216400e+03
14                                     1.3360681114198599e+03
15                                     3.1418953781162841e+03
16                                     3.2322805870018337e+03
17                                     3.2323181389450865e+03
   &zpe [&Type "Double"]       3.6277907161016386e-02
   &innerEnergyU [&Type "Double"]      -1.2231150762101674e+01
   &enthalpyH [&Type "Double"]      -1.2230206553059414e+01
   &qEl [&Type "Double"]       0.0000000000000000e+00
   &qRot [&Type "Double"]       1.1209094764200331e-02
   &qVib [&Type "Double"]       3.2616593180120001e-03
   &qTrans [&Type "Double"]       1.9683005332529695e-02
   &entropyS [&Type "Double"]       3.4153759414742024e-02
   &freeEnergyG [&Type "Double"]      -1.2264360312474157e+01
   &isLinear [&Type "Boolean"] false
$End
$Calculation_Info
   &GeometryIndex 9
   &Mult [&Type "Integer"] 1
   &Charge [&Type "Integer"] -1
   &NumOfAtoms [&Type "Integer"] 6
   &NumOfElectrons [&Type "Integer"] 0
   &NumOfBasisFuncts [&Type "Integer"] 0
   &NumOfAuxCBasisFuncts [&Type "Integer"] 0
   &NumOfAuxJBasisFuncts [&Type "Integer"] 0
   &NumOfAuxJKBasisFuncts [&Type "Integer"] 0
   &NumOfCABSBasisFuncts [&Type "Integer"] 0
$End
$Calculation_Timings
   &GeometryIndex 9
   &GSTEP [&Type "Double"]       2.5290999999999730e-02
   &XTB [&Type "Double"]       1.7056680000000002e+00
   &XTBGRAD [&Type "Double"]       4.0739999999998000e-03
   &SUM [&Type "Double"]       1.7350329999999996e+00
$End
