*************************************************
******************* ORCA 6.1.0 ******************
*************************************************
$Calculation_Status
   &GeometryIndex 0
   &version [&Type "String"] "6.1.0"
   &progName [&Type "String"] "orca"
   &Status [&Type "String"] "NORMAL TERMINATION"
$End
$Geometry
   &GeometryIndex 1
   &NAtoms [&Type "Integer"] 6
   &NCorelessECP [&Type "Integer"] 0
   &NGhostAtoms [&Type "Integer"] 0
   &CartesianCoordinates [&Type "Coordinates", &Dim(6,4), &Units "Bohr"] 
              C      0.000000000000    0.000000000000    0.185193161124
              H      0.000000000000    2.050352855305    0.000000000000
              H      1.775658485025   -1.025176427652    0.000000000000
              H     -1.775658485025   -1.025176427652    0.000000000000
              I      0.000000000000    0.000000000000    5.038009873034
              Br     0.000000000000    0.000000000000   -5.130606453596
$End
$Single_Point_Data
   &GeometryIndex 1
   &FinalEnergy [&Type "Double"]      -1.1815629434010001e+01  "Final single point energy"
   &Converged [&Type "Boolean"] true
$End
$Hessian
   &GeometryIndex 1
   &HESSIAN [&Type "ArrayOfDoubles", &Dim (18,18)] "The Hessian"
                                                         0                           1                           2                           3                           4                           5                           6                           7

0                                      5.2076450230000004e-01         3.3999999999999998e-09        -1.6967000000000000e-06        -4.5674409100000000e-02        -1.1852000000000001e-06         2.2609999999999999e-07        -2.2830987570000000e-01         1.0544594250000000e-01
1                                      3.3999999999999998e-09         5.2076499890000005e-01         1.2157000000000001e-06        -1.1908999999999999e-06        -2.8918987089999998e-01         2.4705964800000001e-02         1.0544946410000000e-01        -1.0655531100000000e-01
2                                     -1.6967000000000000e-06         1.2157000000000001e-06         3.7179574000000002e-03         2.7230000000000002e-07         2.2500352899999999e-02        -1.6238067500000002e-02         1.9482793200000001e-02        -1.1254415000000000e-02
3                                     -4.5674409100000000e-02        -1.1908999999999999e-06         2.7230000000000002e-07         4.3464314400000002e-02         1.3249000000000000e-06        -1.5190000000000000e-07         1.0505721999999999e-03         2.4487552800000000e-02
4                                     -1.1852000000000001e-06        -2.8918987089999998e-01         2.2500352899999999e-02         1.3249000000000000e-06         3.1309558150000000e-01        -2.4637756199999999e-02        -4.1855089999999999e-04        -1.2856204099999999e-02
5                                      2.2609999999999999e-07         2.4705964800000001e-02        -1.6238067500000002e-02        -1.5190000000000000e-07        -2.4637756199999999e-02         3.5980297199999997e-02        -3.6055970000000001e-04        -2.9399544000000000e-03
6                                     -2.2830987570000000e-01         1.0544946410000000e-01         1.9482793200000001e-02         1.0505721999999999e-03        -4.1855089999999999e-04        -3.6055970000000001e-04         2.4567442730000000e-01        -1.1675723470000000e-01
7                                      1.0544594250000000e-01        -1.0655531100000000e-01        -1.1254415000000000e-02         2.4487552800000000e-02        -1.2856204099999999e-02        -2.9399544000000000e-03        -1.1675723470000000e-01         1.1088085330000000e-01
8                                      2.1396052900000000e-02        -1.2352471699999999e-02        -1.6238215500000000e-02        -2.7274691999999998e-03         1.1578347000000000e-03         7.4854860000000002e-04        -2.1336547700000000e-02         1.2317861800000000e-02
9                                     -2.2831238919999999e-01        -1.0544827990000000e-01        -1.9481411300000001e-02         1.0503432999999999e-03         4.1840870000000002e-04         3.6052820000000000e-04        -1.9787644800000000e-02        -1.2446880100000000e-02
10                                    -1.0544475690000001e-01        -1.0655310279999999e-01        -1.1253523600000001e-02        -2.4487717999999999e-02        -1.2855953599999999e-02        -2.9397901999999999e-03         1.2447184599999999e-02         8.0080383000000008e-03
11                                    -2.1394710700000000e-02        -1.2351529400000000e-02        -1.6237937200000000e-02         2.7274837000000000e-03         1.1578020999999999e-03         7.4852869999999995e-04         2.3657387999999999e-03         1.7826462000000000e-03
12                                    -1.1330031900000001e-02         4.6999999999999999e-09         2.8699999999999999e-08        -6.5617400000000006e-05         5.0000000000000003e-10         8.0000000000000003e-10         7.1174550000000002e-04        -4.4878479999999998e-04
13                                    -2.2999999999999999e-09        -1.1329595200000001e-02         3.2061000000000001e-06         4.0200000000000003e-08         9.7705430000000009e-04         9.5862323000000006e-03        -4.4433080000000000e-04         1.8994910000000000e-04
14                                     5.4700000000000000e-08        -2.5907000000000000e-06         2.2990593100000001e-02        -7.7999999999999997e-08        -5.8978370000000000e-04        -1.4348655300000001e-02        -5.0839110000000000e-04         2.9876490000000001e-04
15                                    -7.1377964000000002e-03        -1.3999999999999999e-09         1.3799999999999999e-08         1.7479660000000000e-04         2.0000000000000001e-09        -4.3600000000000000e-08         6.6077560000000004e-04        -2.8059569999999999e-04
16                                    -1.6000000000000001e-09        -7.1371187999999999e-03         3.1638999999999999e-06        -8.9000000000000003e-09         8.2939289999999996e-04        -3.7746962999999998e-03        -2.7653230000000001e-04         3.3267440000000001e-04
17                                     7.3700000000000005e-08        -5.8869999999999997e-07         2.2005669700000001e-02        -5.7000000000000001e-08         4.1155020000000002e-04        -6.8906515999999996e-03         3.5696660000000000e-04        -2.0490349999999999e-04
                                                         8                           9                          10                          11                          12                          13                          14                          15

0                                      2.1396052900000000e-02        -2.2831238919999999e-01        -1.0544475690000001e-01        -2.1394710700000000e-02        -1.1330031900000001e-02        -2.2999999999999999e-09         5.4700000000000000e-08        -7.1377964000000002e-03
1                                     -1.2352471699999999e-02        -1.0544827990000000e-01        -1.0655310279999999e-01        -1.2351529400000000e-02         4.6999999999999999e-09        -1.1329595200000001e-02        -2.5907000000000000e-06        -1.3999999999999999e-09
2                                     -1.6238215500000000e-02        -1.9481411300000001e-02        -1.1253523600000001e-02        -1.6237937200000000e-02         2.8699999999999999e-08         3.2061000000000001e-06         2.2990593100000001e-02         1.3799999999999999e-08
3                                     -2.7274691999999998e-03         1.0503432999999999e-03        -2.4487717999999999e-02         2.7274837000000000e-03        -6.5617400000000006e-05         4.0200000000000003e-08        -7.7999999999999997e-08         1.7479660000000000e-04
4                                      1.1578347000000000e-03         4.1840870000000002e-04        -1.2855953599999999e-02         1.1578020999999999e-03         5.0000000000000003e-10         9.7705430000000009e-04        -5.8978370000000000e-04         2.0000000000000001e-09
5                                      7.4854860000000002e-04         3.6052820000000000e-04        -2.9397901999999999e-03         7.4852869999999995e-04         8.0000000000000003e-10         9.5862323000000006e-03        -1.4348655300000001e-02        -4.3600000000000000e-08
6                                     -2.1336547700000000e-02        -1.9787644800000000e-02         1.2447184599999999e-02         2.3657387999999999e-03         7.1174550000000002e-04        -4.4433080000000000e-04        -5.0839110000000000e-04         6.6077560000000004e-04
7                                      1.2317861800000000e-02        -1.2446880100000000e-02         8.0080383000000008e-03         1.7826462000000000e-03        -4.4878479999999998e-04         1.8994910000000000e-04         2.9876490000000001e-04        -2.8059569999999999e-04
8                                      3.5980387199999998e-02        -2.3655778000000001e-03         1.7825809000000001e-03         7.4851590000000003e-04         8.3022188000000004e-03        -4.7931911999999997e-03        -1.4348603800000000e-02        -3.2686769000000002e-03
9                                     -2.3655778000000001e-03         2.4567717850000001e-01         1.1675591270000001e-01         2.1335213499999998e-02         7.1170559999999996e-04         4.4429469999999999e-04         5.0827830000000002e-04         6.6080659999999999e-04
10                                     1.7825809000000001e-03         1.1675591270000001e-01         1.1087840950000000e-01         1.2316821200000000e-02         4.4878410000000001e-04         1.8993990000000001e-04         2.9877920000000001e-04         2.8059359999999998e-04
11                                     7.4851590000000003e-04         2.1335213499999998e-02         1.2316821200000000e-02         3.5980088299999997e-02        -8.3023712999999999e-03        -4.7930975999999998e-03        -1.4348544600000001e-02         3.2686460000000001e-03
12                                     8.3022188000000004e-03         7.1170559999999996e-04         4.4878410000000001e-04        -8.3023712999999999e-03         8.1373654000000007e-03        -2.6000000000000001e-09         1.3059999999999999e-07         1.8348327000000000e-03
13                                    -4.7931911999999997e-03         4.4429469999999999e-04         1.8993990000000001e-04        -4.7930975999999998e-03        -2.6000000000000001e-09         8.1374606000000002e-03        -2.5409000000000001e-06         8.0000000000000003e-10
14                                    -1.4348603800000000e-02         5.0827830000000002e-04         2.9877920000000001e-04        -1.4348544600000001e-02         1.3059999999999999e-07        -2.5409000000000001e-06         3.0877596399999999e-02         5.4000000000000004e-09
15                                    -3.2686769000000002e-03         6.6080659999999999e-04         2.8059359999999998e-04         3.2686460000000001e-03         1.8348327000000000e-03         8.0000000000000003e-10         5.4000000000000004e-09         3.8065848999999999e-03
16                                     1.8873855000000001e-03         2.7654399999999999e-04         3.3266880000000000e-04         1.8873575000000001e-03        -2.0000000000000001e-09         1.8351913000000000e-03        -2.6288000000000001e-06         8.0000000000000003e-10
17                                    -6.8906324000000000e-03        -3.5703100000000000e-04        -2.0486739999999999e-04        -6.8906510999999998e-03        -7.6999999999999995e-09        -6.0869999999999999e-07        -1.0822385800000001e-02         5.5199999999999998e-08
                                                        16                          17

0                                     -1.6000000000000001e-09         7.3700000000000005e-08
1                                     -7.1371187999999999e-03        -5.8869999999999997e-07
2                                      3.1638999999999999e-06         2.2005669700000001e-02
3                                     -8.9000000000000003e-09        -5.7000000000000001e-08
4                                      8.2939289999999996e-04         4.1155020000000002e-04
5                                     -3.7746962999999998e-03        -6.8906515999999996e-03
6                                     -2.7653230000000001e-04         3.5696660000000000e-04
7                                      3.3267440000000001e-04        -2.0490349999999999e-04
8                                      1.8873855000000001e-03        -6.8906324000000000e-03
9                                      2.7654399999999999e-04        -3.5703100000000000e-04
10                                     3.3266880000000000e-04        -2.0486739999999999e-04
11                                     1.8873575000000001e-03        -6.8906510999999998e-03
12                                    -2.0000000000000001e-09        -7.6999999999999995e-09
13                                     1.8351913000000000e-03        -6.0869999999999999e-07
14                                    -2.6288000000000001e-06        -1.0822385800000001e-02
15                                     8.0000000000000003e-10         5.5199999999999998e-08
16                                     3.8071914999999999e-03        -5.8179999999999998e-07
17                                    -5.8179999999999998e-07         9.4886512999999995e-03
   &MODES [&Type "ArrayOfDoubles", &Dim (18,18)] "The modes of vibrations"
                                                         0                           1                           2                           3                           4                           5                           6                           7

0                                      0.0000000000000000e+00         0.0000000000000000e+00         0.0000000000000000e+00         0.0000000000000000e+00         0.0000000000000000e+00         0.0000000000000000e+00        -3.2063203264878467e-07        -5.1204881526419484e-07
1                                      0.0000000000000000e+00         0.0000000000000000e+00         0.0000000000000000e+00         0.0000000000000000e+00         0.0000000000000000e+00         0.0000000000000000e+00         3.4172719937030751e-05         3.4864003535466906e-05
2                                      0.0000000000000000e+00         0.0000000000000000e+00         0.0000000000000000e+00         0.0000000000000000e+00         0.0000000000000000e+00         0.0000000000000000e+00         2.7251327782299967e-01         3.6628077024116100e-02
3                                      0.0000000000000000e+00         0.0000000000000000e+00         0.0000000000000000e+00         0.0000000000000000e+00         0.0000000000000000e+00         0.0000000000000000e+00        -1.1745252315997047e-06        -6.4526973633370028e-07
4                                      0.0000000000000000e+00         0.0000000000000000e+00         0.0000000000000000e+00         0.0000000000000000e+00         0.0000000000000000e+00         0.0000000000000000e+00        -1.2050084815142983e-02        -2.1335785066246356e-03
5                                      0.0000000000000000e+00         0.0000000000000000e+00         0.0000000000000000e+00         0.0000000000000000e+00         0.0000000000000000e+00         0.0000000000000000e+00         9.7434461928225080e-02         8.4098808006956467e-03
6                                      0.0000000000000000e+00         0.0000000000000000e+00         0.0000000000000000e+00         0.0000000000000000e+00         0.0000000000000000e+00         0.0000000000000000e+00        -1.0459492470998970e-02        -1.8773636210181303e-03
7                                      0.0000000000000000e+00         0.0000000000000000e+00         0.0000000000000000e+00         0.0000000000000000e+00         0.0000000000000000e+00         0.0000000000000000e+00         6.0931202217146775e-03         1.1249327091165488e-03
8                                      0.0000000000000000e+00         0.0000000000000000e+00         0.0000000000000000e+00         0.0000000000000000e+00         0.0000000000000000e+00         0.0000000000000000e+00         9.7420839088782171e-02         8.3981346302425437e-03
9                                      0.0000000000000000e+00         0.0000000000000000e+00         0.0000000000000000e+00         0.0000000000000000e+00         0.0000000000000000e+00         0.0000000000000000e+00         1.0457453869164499e-02         1.8760856795589887e-03
10                                     0.0000000000000000e+00         0.0000000000000000e+00         0.0000000000000000e+00         0.0000000000000000e+00         0.0000000000000000e+00         0.0000000000000000e+00         6.0932994592307072e-03         1.1249399825796673e-03
11                                     0.0000000000000000e+00         0.0000000000000000e+00         0.0000000000000000e+00         0.0000000000000000e+00         0.0000000000000000e+00         0.0000000000000000e+00         9.7421264528181506e-02         8.3985132288128227e-03
12                                     0.0000000000000000e+00         0.0000000000000000e+00         0.0000000000000000e+00         0.0000000000000000e+00         0.0000000000000000e+00         0.0000000000000000e+00         2.8152125920180158e-08         3.2518560268951146e-08
13                                     0.0000000000000000e+00         0.0000000000000000e+00         0.0000000000000000e+00         0.0000000000000000e+00         0.0000000000000000e+00         0.0000000000000000e+00        -2.2157694254837286e-06        -2.1726229675623851e-06
14                                     0.0000000000000000e+00         0.0000000000000000e+00         0.0000000000000000e+00         0.0000000000000000e+00         0.0000000000000000e+00         0.0000000000000000e+00        -9.9896257439417956e-03        -5.6946553117494025e-02
15                                     0.0000000000000000e+00         0.0000000000000000e+00         0.0000000000000000e+00         0.0000000000000000e+00         0.0000000000000000e+00         0.0000000000000000e+00         4.4023011858707864e-08         4.9589610851673084e-08
16                                     0.0000000000000000e+00         0.0000000000000000e+00         0.0000000000000000e+00         0.0000000000000000e+00         0.0000000000000000e+00         0.0000000000000000e+00        -3.3378340900952233e-06        -3.2574496925278970e-06
17                                     0.0000000000000000e+00         0.0000000000000000e+00         0.0000000000000000e+00         0.0000000000000000e+00         0.0000000000000000e+00         0.0000000000000000e+00        -2.8787086997439114e-02         8.4620395201305404e-02
                                                         8                           9                          10                          11                          12                          13                          14                          15

0                                     -2.4640157433100132e-01        -6.5815438031662719e-06        -3.6882760845716074e-02        -1.5125941714265017e-04         2.0814738499334755e-07        -2.6261079249891024e-05         8.9292761577767124e-02         2.9102852924498346e-09
1                                      6.5791201567177750e-06        -2.4640315418652547e-01        -1.5120171896704405e-04         3.6875215877305301e-02         5.4499398025021985e-06         8.9290955523795651e-02         2.6262625464904533e-05         2.4062879974784308e-05
2                                     -6.5804624966965900e-07         4.5795983305613438e-05         1.3099323630580774e-07         4.5351288701230975e-06         5.5083327930078758e-02         2.2927579418845388e-06        -3.6457353571778927e-07         1.0482447430044953e-02
3                                     -2.5659614524703173e-01        -6.9268272127197403e-06         8.8949104336255982e-02         3.6363860610719189e-04        -1.8705474764307372e-06         2.2875830476095158e-04        -7.6256097382197663e-01        -1.7852714620369967e-07
4                                      6.8593715361736502e-06        -2.5367082340173636e-01         1.7465043355029621e-04        -4.2642373453112822e-02        -4.7786979595462915e-02         5.8862587817844772e-02         2.1604282871528425e-05         5.7276665210352085e-01
5                                      1.4011627397506868e-06        -5.0420070790238573e-02         3.2846223632153246e-03        -8.0000999122112715e-01        -5.6085537239414951e-01         1.1429139215925943e-01         3.6773300358340191e-05        -4.4688708557333610e-02
6                                     -2.5439173690510081e-01        -1.2847550752736088e-03         5.4289793315776845e-02        -1.9823178680569962e-02        -4.1411027176138322e-02        -3.5571194911001947e-01        -1.4656323522734782e-01         4.9621943213915792e-01
7                                     -1.2659662509134433e-03        -2.5584648746545835e-01         2.0376841866015512e-02        -7.7254612137915055e-02         2.3874184205248380e-02        -5.5706715150824915e-01        -3.5587465580372324e-01        -2.8655664589980168e-01
8                                     -4.3681225825051323e-02         2.5224578101585293e-02         6.9115301799328321e-01         4.0280180012630135e-01        -5.6093602528113695e-01        -5.7119180659098531e-02         9.8970446909367835e-02        -4.4714188224858537e-02
9                                     -2.5439159604632311e-01         1.2712447932192673e-03         5.4120112820175710e-02         2.0268915658843780e-02         4.1407177657777391e-02         3.5579359069793470e-01        -1.4634721638136930e-01        -4.9621927160155627e-01
10                                     1.2795453896139548e-03        -2.5584628921941965e-01        -1.9742229655233600e-02        -7.7417159392190377e-02         2.3874121606993655e-02        -5.5728416295225380e-01         3.5554265235017818e-01        -2.8655634706812128e-01
11                                     4.3680751477199034e-02         2.5226304214961623e-02        -6.9443798266894152e-01         3.9711224841246157e-01        -5.6093625315576645e-01        -5.7062437990971923e-02        -9.9003712824303841e-02        -4.4710681361928621e-02
12                                     1.5138107317606763e-02         4.0516429609529939e-07         2.9558647243497532e-03         1.2132181660029579e-05         1.2941936874529073e-08        -2.3343545372278198e-08         8.6567540075024931e-05        -4.9361438822686737e-09
13                                    -4.0482018996453854e-07         1.5138141415533586e-02         1.2129468855676570e-05        -2.9556863540417160e-03         1.4696620232414585e-08         8.6616481916886089e-05         3.0096182058025667e-08         2.3544846619555868e-07
14                                     1.3865917920895015e-07        -9.5987180324647156e-06        -1.1829953526949716e-08         1.9099126504230771e-07         5.4463107172220623e-03        -8.4648820531414213e-07         2.0891505988414088e-09         2.7948990465882936e-05
15                                     2.2653391798615814e-02         6.0370687842906687e-07        -1.6400284800760184e-03        -6.7415216822798616e-06         2.0318352102379671e-08         6.8848898132349372e-08        -2.4487588625711048e-04         7.6292200620474041e-09
16                                    -6.0390673860311757e-07         2.2653374820906812e-02        -6.7444617867222062e-06         1.6403133738255753e-03        -3.5470656556549985e-07        -2.4446385351393872e-04        -7.9815218061082670e-08         3.7814680324824479e-07
17                                    -1.3299481530995069e-07         7.9720118187390392e-06         3.4156731408124944e-09         2.2530662616107662e-07         4.2984579506138371e-03        -3.8511463889950783e-07         7.2382355543987652e-09         7.1778270298913246e-05
                                                        16                          17

0                                     -9.2503569819973125e-02        -3.5782672250186626e-05
1                                      3.5780483311572126e-05        -9.2504096819563564e-02
2                                      3.1335167372953631e-07         2.4822597271177338e-06
3                                     -3.7427391539132764e-02        -1.0393519000337538e-05
4                                     -2.9244693103316622e-04         7.6629907065054348e-01
5                                      2.7070432406246216e-05        -7.0555318181894311e-02
6                                      5.6540497855603533e-01        -3.4764390313248567e-01
7                                     -3.4803512410774817e-01         1.6328141033191818e-01
8                                     -6.1105687391853153e-02         3.5240102812382310e-02
9                                      5.6514398784822439e-01         3.4807712964835147e-01
10                                     3.4790473155397478e-01         1.6354353505758124e-01
11                                     6.1074862594044550e-02         3.5284304253795293e-02
12                                     2.6537690710777118e-05         1.4565400462369816e-08
13                                    -7.6989980547494314e-09         2.6544352905480706e-05
14                                     1.0362172263597437e-10         2.3063739092067748e-09
15                                     7.2918606914300983e-05         2.1547762676927085e-08
16                                    -3.2042321866097716e-08         7.2956449908756922e-05
17                                     9.4915842688536712e-11         1.3157749824213558e-08
$End
$THERMOCHEMISTRY_Energies
   &GeometryIndex 1
   &temperature [&Type "Double"]       2.9814999999999998e+02
   &pressure [&Type "Double"]       1.0000000000000000e+00
   &totalMass [&Type "Double"]       2.2183500000000001e+02
   &spinDegeneracy [&Type "Integer"] 1
   &elEnergy [&Type "Double"]      -1.1815629434010001e+01
   &transEnergy [&Type "Double"]       1.4162714244859817e-03
   &rotEnergy [&Type "Double"]       1.4162714244859817e-03
   &vibEnergy [&Type "Double"]       2.1582948958747631e-03
   &numOfFreqs [&Type "Integer"] 18
   &freqScalingFactor [&Type "Double"]       1.0000000000000000e+00
   &FREQ [&Type "ArrayOfDoubles", &Units "cm^-1", &Dim (18,1)] 
                                                         0

0                                      0.0000000000000000e+00
1                                      0.0000000000000000e+00
2                                      0.0000000000000000e+00
3                                      0.0000000000000000e+00
4                                      0.0000000000000000e+00
5                                      0.0000000000000000e+00
6                                     -2.0902079490073950e+02
7                                      8.9485456054890463e+01
8                                      1.6111244804340240e+02
9                                      1.6112486522753508e+02
10                                     9.1927676735062153e+02
11                                     9.1928188184121495e+02
12                                     9.8966823808261529e+02
13                                     1.3811690040253309e+03
14                                     1.3811753142928808e+03
15                                     2.9295242072289670e+03
16                                     3.0085524107246733e+03
17                                     3.0085553463157066e+03
   &zpe [&Type "Double"]       3.4056159171010562e-02
   &innerEnergyU [&Type "Double"]      -1.1776582437094145e+01
   &enthalpyH [&Type "Double"]      -1.1775638228051886e+01
   &qEl [&Type "Double"]       0.0000000000000000e+00
   &qRot [&Type "Double"]       1.1928896237318177e-02
   &qVib [&Type "Double"]       4.1192228619361046e-03
   &qTrans [&Type "Double"]       1.9999675746369457e-02
   &entropyS [&Type "Double"]       3.6047794845623739e-02
   &freeEnergyG [&Type "Double"]      -1.1811686022897510e+01
   &isLinear [&Type "Boolean"] false
$End
$Geometry
   &GeometryIndex 2
   &NAtoms [&Type "Integer"] 6
   &NCorelessECP [&Type "Integer"] 0
   &NGhostAtoms [&Type "Integer"] 0
   &CartesianCoordinates [&Type "Coordinates", &Dim(6,4), &Units "Bohr"] 
              C      0.000000036519   -0.000006610629    0.147873116161
              H      0.000000312124    2.030179772578   -0.018322869378
              H      1.758185801977   -1.015109063636   -0.018327280127
              H     -1.758185431319   -1.015109210047   -0.018326988142
              I     -0.000000414577    0.000023741584    5.004679677772
              Br    -0.000000304723    0.000021370151   -5.004979075725
$End
$Single_Point_Data
   &GeometryIndex 2
   &FinalEnergy [&Type "Double"]      -1.1817784091309999e+01  "Final single point energy"
   &Converged [&Type "Boolean"] true
$End
$Geometry
   &GeometryIndex 3
   &NAtoms [&Type "Integer"] 6
   &NCorelessECP [&Type "Integer"] 0
   &NGhostAtoms [&Type "Integer"] 0
   &CartesianCoordinates [&Type "Coordinates", &Dim(6,4), &Units "Bohr"] 
              C     -0.000000039088   -0.000002597575    0.114169558685
              H      0.000000253129    2.020181275129   -0.036272972937
              H      1.749531583645   -1.010095922030   -0.036272486602
              H     -1.749531455784   -1.010096140495   -0.036272672378
              I     -0.000000145185    0.000007196703    4.961867941487
              Br    -0.000000196718    0.000006188268   -4.874622787693
$End
$Single_Point_Data
   &GeometryIndex 3
   &FinalEnergy [&Type "Double"]      -1.1819300027240001e+01  "Final single point energy"
   &Converged [&Type "Boolean"] true
$End
$Geometry
   &GeometryIndex 4
   &NAtoms [&Type "Integer"] 6
   &NCorelessECP [&Type "Integer"] 0
   &NGhostAtoms [&Type "Integer"] 0
   &CartesianCoordinates [&Type "Coordinates", &Dim(6,4), &Units "Bohr"] 
              C     -0.000000093780   -0.000001286977    0.083150742042
              H      0.000000205070    2.015890898137   -0.048650140184
              H      1.745815690299   -1.007946707409   -0.048647766879
              H     -1.745815599512   -1.007946891786   -0.048648081871
              I     -0.000000054325    0.000002242989    4.945094976449
              Br    -0.000000147751    0.000001745046   -4.789703148995
$End
$Single_Point_Data
   &GeometryIndex 4
   &FinalEnergy [&Type "Double"]      -1.1819748509309999e+01  "Final single point energy"
   &Converged [&Type "Boolean"] true
$End
$Geometry
   &GeometryIndex 5
   &NAtoms [&Type "Integer"] 6
   &NCorelessECP [&Type "Integer"] 0
   &NGhostAtoms [&Type "Integer"] 0
   &CartesianCoordinates [&Type "Coordinates", &Dim(6,4), &Units "Bohr"] 
              C     -0.000000126000    0.000000032607    0.051986863821
              H      0.000000162264    2.015326118420   -0.053547905637
              H      1.745325247005   -1.007661654420   -0.053546600670
              H     -1.745325179478   -1.007661802797   -0.053546997950
              I      0.000000008129   -0.000000786168    4.936998780641
              Br    -0.000000111920   -0.000001907642   -4.735747559641
$End
$Single_Point_Data
   &GeometryIndex 5
   &FinalEnergy [&Type "Double"]      -1.1819813313179999e+01  "Final single point energy"
   &Converged [&Type "Boolean"] true
$End
$Geometry
   &GeometryIndex 6
   &NAtoms [&Type "Integer"] 6
   &NCorelessECP [&Type "Integer"] 0
   &NGhostAtoms [&Type "Integer"] 0
   &CartesianCoordinates [&Type "Coordinates", &Dim(6,4), &Units "Bohr"] 
              C     -0.000000080737    0.000000316012    0.023399657262
              H      0.000000157888    2.015808272244   -0.054316641708
              H      1.745742315627   -1.007902293152   -0.054315221489
              H     -1.745742200261   -1.007902408856   -0.054315542028
              I     -0.000000049273   -0.000001405683    4.929603931639
              Br    -0.000000143244   -0.000002480565   -4.697459603113
$End
$Single_Point_Data
   &GeometryIndex 6
   &FinalEnergy [&Type "Double"]      -1.1819808577120000e+01  "Final single point energy"
   &Converged [&Type "Boolean"] true
$End
$Hessian
   &GeometryIndex 6
   &HESSIAN [&Type "ArrayOfDoubles", &Dim (18,18)] "The Hessian"
                                                         0                           1                           2                           3                           4                           5                           6                           7

0                                      5.8784287189999995e-01         1.5730000000000001e-07        -2.0831000000000000e-06        -4.1283370600000001e-02        -1.5375000000000001e-06         1.9060000000000000e-07        -2.6285352280000002e-01         1.2792486540000000e-01
1                                      1.5730000000000001e-07         5.8784212049999995e-01        -7.5712999999999998e-06        -1.5504000000000000e-06        -3.3671938590000000e-01         1.2825669499999999e-02         1.2792694650000000e-01        -1.1513820020000000e-01
2                                     -2.0831000000000000e-06        -7.5712999999999998e-06        -3.0505420700000001e-02         1.8000000000000000e-07         1.1847063099999999e-02        -5.1433019999999998e-03         1.0264773800000000e-02        -5.9145791999999997e-03
3                                     -4.1283370600000001e-02        -1.5504000000000000e-06         1.8000000000000000e-07         4.1203871699999998e-02         1.6763999999999999e-06        -7.2300000000000006e-08        -1.7715569999999999e-04         2.3891328600000001e-02
4                                     -1.5375000000000001e-06        -3.3671938590000000e-01         1.1847063099999999e-02         1.6763999999999999e-06         3.6222344940000001e-01        -1.1411161000000000e-02        -7.7880399999999994e-05        -1.3928635599999999e-02
5                                      1.9060000000000000e-07         1.2825669499999999e-02        -5.1433019999999998e-03        -7.2300000000000006e-08        -1.1411161000000000e-02         3.6862908100000001e-02        -1.1125560000000001e-04        -1.0766920000000000e-03
6                                     -2.6285352280000002e-01         1.2792694650000000e-01         1.0264773800000000e-02        -1.7715569999999999e-04        -7.7880399999999994e-05        -1.1125560000000001e-04         2.8195893820000001e-01        -1.3900409420000001e-01
7                                      1.2792486540000000e-01        -1.1513820020000000e-01        -5.9145791999999997e-03         2.3891328600000001e-02        -1.3928635599999999e-02        -1.0766920000000000e-03        -1.3900409420000001e-01         1.2145927810000000e-01
8                                      1.1107205300000001e-02        -6.4125815000000003e-03        -5.1431970000000004e-03        -9.8919219999999992e-04         4.4197540000000002e-04        -5.3520550000000003e-04        -9.8819092000000004e-03         5.7049012999999997e-03
9                                     -2.6285647309999999e-01        -1.2792555329999999e-01        -1.0263093900000001e-02        -1.7740329999999999e-04         7.7739599999999997e-05         1.1124310000000000e-04        -2.0798214600000000e-02        -1.1983067599999999e-02
10                                    -1.2792348360000000e-01        -1.1513560060000000e-01        -5.9136021999999996e-03        -2.3891467499999999e-02        -1.3928379600000000e-02        -1.0765301000000001e-03         1.1983355399999999e-02         6.6985211000000003e-03
11                                    -1.1105528900000000e-02        -6.4116295000000000e-03        -5.1430245000000001e-03         9.8919429999999998e-04         4.4196380000000003e-04        -5.3521590000000000e-04         8.7681339999999997e-04         6.3553310000000001e-04
12                                    -1.0773072700000001e-02         4.9000000000000000e-09         1.0910000000000000e-07         1.8387500000000001e-04         1.0000000000000000e-10        -1.2200000000000000e-08         1.0729699999999999e-03        -5.1330289999999997e-04
13                                    -8.9999999999999999e-10        -1.0772790700000000e-02        -5.4361999999999997e-06         3.4700000000000000e-08         1.3712793000000001e-03         8.0835274999999998e-03        -5.1277129999999997e-04         4.7866709999999998e-04
14                                     1.0740000000000000e-07         1.2929999999999999e-06         2.3445080100000001e-02        -5.5400000000000000e-08        -1.3169741999999999e-03        -1.5693494299999999e-02        -1.1416518000000001e-03         6.5659479999999998e-04
15                                    -1.0076432600000001e-02        -5.1000000000000002e-09         1.1400000000000000e-07         2.5018289999999998e-04         1.9000000000000001e-09        -9.3600000000000004e-08         7.9698499999999995e-04        -3.1572929999999999e-04
16                                    -6.9999999999999996e-10        -1.0076143100000001e-02        -5.8741999999999996e-06        -2.1800000000000000e-08         9.8167239999999998e-04        -7.3448139000000003e-03        -3.1555599999999999e-04         4.3036940000000003e-04
17                                     1.0870000000000000e-07         4.8198000000000000e-06         2.2489864100000000e-02        -5.4599999999999999e-08        -2.8669999999999998e-06        -1.4955690400000001e-02        -6.7706000000000000e-06        -5.7579999999999998e-06
                                                         8                           9                          10                          11                          12                          13                          14                          15

0                                      1.1107205300000001e-02        -2.6285647309999999e-01        -1.2792348360000000e-01        -1.1105528900000000e-02        -1.0773072700000001e-02        -8.9999999999999999e-10         1.0740000000000000e-07        -1.0076432600000001e-02
1                                     -6.4125815000000003e-03        -1.2792555329999999e-01        -1.1513560060000000e-01        -6.4116295000000000e-03         4.9000000000000000e-09        -1.0772790700000000e-02         1.2929999999999999e-06        -5.1000000000000002e-09
2                                     -5.1431970000000004e-03        -1.0263093900000001e-02        -5.9136021999999996e-03        -5.1430245000000001e-03         1.0910000000000000e-07        -5.4361999999999997e-06         2.3445080100000001e-02         1.1400000000000000e-07
3                                     -9.8919219999999992e-04        -1.7740329999999999e-04        -2.3891467499999999e-02         9.8919429999999998e-04         1.8387500000000001e-04         3.4700000000000000e-08        -5.5400000000000000e-08         2.5018289999999998e-04
4                                      4.4197540000000002e-04         7.7739599999999997e-05        -1.3928379600000000e-02         4.4196380000000003e-04         1.0000000000000000e-10         1.3712793000000001e-03        -1.3169741999999999e-03         1.9000000000000001e-09
5                                     -5.3520550000000003e-04         1.1124310000000000e-04        -1.0765301000000001e-03        -5.3521590000000000e-04        -1.2200000000000000e-08         8.0835274999999998e-03        -1.5693494299999999e-02        -9.3600000000000004e-08
6                                     -9.8819092000000004e-03        -2.0798214600000000e-02         1.1983355399999999e-02         8.7681339999999997e-04         1.0729699999999999e-03        -5.1277129999999997e-04        -1.1416518000000001e-03         7.9698499999999995e-04
7                                      5.7049012999999997e-03        -1.1983067599999999e-02         6.6985211000000003e-03         6.3553310000000001e-04        -5.1330289999999997e-04         4.7866709999999998e-04         6.5659479999999998e-04        -3.1572929999999999e-04
8                                      3.6860135600000003e-02        -8.7666890000000003e-04         6.3545919999999996e-04        -5.3235309999999998e-04         6.9998939000000000e-03        -4.0419879000000002e-03        -1.5693574400000000e-02        -6.3593288999999999e-03
9                                     -8.7666890000000003e-04         2.8196210890000001e-01         1.3900256580000001e-01         9.8803098000000006e-03         1.0729439999999999e-03         5.1273819999999996e-04         1.1415462999999999e-03         7.9703809999999995e-04
10                                     6.3545919999999996e-04         1.3900256580000001e-01         1.2145643959999999e-01         5.7038560000000002e-03         5.1330310000000004e-04         4.7865720000000002e-04         6.5657400000000005e-04         3.1572669999999997e-04
11                                    -5.3235309999999998e-04         9.8803098000000006e-03         5.7038560000000002e-03         3.6859980600000002e-02        -7.0000447999999998e-03        -4.0419024000000001e-03        -1.5693524300000001e-02         6.3592561999999998e-03
12                                     6.9998939000000000e-03         1.0729439999999999e-03         5.1330310000000004e-04        -7.0000447999999998e-03         6.6978777999999999e-03        -3.1000000000000000e-09         1.2220000000000000e-07         1.7454059000000001e-03
13                                    -4.0419879000000002e-03         5.1273819999999996e-04         4.7865720000000002e-04        -4.0419024000000001e-03        -3.1000000000000000e-09         6.6985539999999998e-03         1.2597000000000000e-06         2.4000000000000000e-09
14                                    -1.5693574400000000e-02         1.1415462999999999e-03         6.5657400000000005e-04        -1.5693524300000001e-02         1.2220000000000000e-07         1.2597000000000000e-06         4.2254642400000000e-02        -6.8700000000000000e-08
15                                    -6.3593288999999999e-03         7.9703809999999995e-04         3.1572669999999997e-04         6.3592561999999998e-03         1.7454059000000001e-03         2.4000000000000000e-09        -6.8700000000000000e-08         6.4868208000000002e-03
16                                     3.6722336000000002e-03         3.1557720000000000e-04         4.3036240000000003e-04         3.6721789000000002e-03        -2.0000000000000001e-09         1.7456330999999999e-03         1.2527000000000001e-06         3.3000000000000002e-09
17                                    -1.4955805700000000e-02         6.6636000000000000e-06        -5.7568999999999999e-06        -1.4955862800000001e-02        -6.8200000000000002e-08         4.5394000000000001e-06        -1.8619129599999999e-02         1.2109999999999999e-07
                                                        16                          17

0                                     -6.9999999999999996e-10         1.0870000000000000e-07
1                                     -1.0076143100000001e-02         4.8198000000000000e-06
2                                     -5.8741999999999996e-06         2.2489864100000000e-02
3                                     -2.1800000000000000e-08        -5.4599999999999999e-08
4                                      9.8167239999999998e-04        -2.8669999999999998e-06
5                                     -7.3448139000000003e-03        -1.4955690400000001e-02
6                                     -3.1555599999999999e-04        -6.7706000000000000e-06
7                                      4.3036940000000003e-04        -5.7579999999999998e-06
8                                      3.6722336000000002e-03        -1.4955805700000000e-02
9                                      3.1557720000000000e-04         6.6636000000000000e-06
10                                     4.3036240000000003e-04        -5.7568999999999999e-06
11                                     3.6721789000000002e-03        -1.4955862800000001e-02
12                                    -2.0000000000000001e-09        -6.8200000000000002e-08
13                                     1.7456330999999999e-03         4.5394000000000001e-06
14                                     1.2527000000000001e-06        -1.8619129599999999e-02
15                                     3.3000000000000002e-09         1.2109999999999999e-07
16                                     6.4881056999999999e-03         5.0227999999999996e-06
17                                     5.0227999999999996e-06         4.0996624400000001e-02
   &MODES [&Type "ArrayOfDoubles", &Dim (18,18)] "The modes of vibrations"
                                                         0                           1                           2                           3                           4                           5                           6                           7

0                                      0.0000000000000000e+00         0.0000000000000000e+00         0.0000000000000000e+00         0.0000000000000000e+00         0.0000000000000000e+00         0.0000000000000000e+00        -9.3111024508273454e-07         9.2891430896130043e-09
1                                      0.0000000000000000e+00         0.0000000000000000e+00         0.0000000000000000e+00         0.0000000000000000e+00         0.0000000000000000e+00         0.0000000000000000e+00         5.2328178855192000e-05         6.5493629363695102e-05
2                                      0.0000000000000000e+00         0.0000000000000000e+00         0.0000000000000000e+00         0.0000000000000000e+00         0.0000000000000000e+00         0.0000000000000000e+00        -2.7975237370045647e-01         1.1188142526784340e-02
3                                      0.0000000000000000e+00         0.0000000000000000e+00         0.0000000000000000e+00         0.0000000000000000e+00         0.0000000000000000e+00         0.0000000000000000e+00        -8.3109575672321259e-08         2.2262691424314908e-08
4                                      0.0000000000000000e+00         0.0000000000000000e+00         0.0000000000000000e+00         0.0000000000000000e+00         0.0000000000000000e+00         0.0000000000000000e+00         8.2579956529445532e-03        -1.0408223837468509e-04
5                                      0.0000000000000000e+00         0.0000000000000000e+00         0.0000000000000000e+00         0.0000000000000000e+00         0.0000000000000000e+00         0.0000000000000000e+00        -2.1312254514257941e-02         1.3477762284011735e-02
6                                      0.0000000000000000e+00         0.0000000000000000e+00         0.0000000000000000e+00         0.0000000000000000e+00         0.0000000000000000e+00         0.0000000000000000e+00         7.1252033254988007e-03        -1.4383775534377953e-04
7                                      0.0000000000000000e+00         0.0000000000000000e+00         0.0000000000000000e+00         0.0000000000000000e+00         0.0000000000000000e+00         0.0000000000000000e+00        -4.0066812511962814e-03         1.5928336144976766e-04
8                                      0.0000000000000000e+00         0.0000000000000000e+00         0.0000000000000000e+00         0.0000000000000000e+00         0.0000000000000000e+00         0.0000000000000000e+00        -2.1317220085521168e-02         1.3475164417691357e-02
9                                      0.0000000000000000e+00         0.0000000000000000e+00         0.0000000000000000e+00         0.0000000000000000e+00         0.0000000000000000e+00         0.0000000000000000e+00        -7.1253329034003405e-03         1.4386782476807257e-04
10                                     0.0000000000000000e+00         0.0000000000000000e+00         0.0000000000000000e+00         0.0000000000000000e+00         0.0000000000000000e+00         0.0000000000000000e+00        -4.0066600521077456e-03         1.5927504514485981e-04
11                                     0.0000000000000000e+00         0.0000000000000000e+00         0.0000000000000000e+00         0.0000000000000000e+00         0.0000000000000000e+00         0.0000000000000000e+00        -2.1316988909346107e-02         1.3475385765898719e-02
12                                     0.0000000000000000e+00         0.0000000000000000e+00         0.0000000000000000e+00         0.0000000000000000e+00         0.0000000000000000e+00         0.0000000000000000e+00         4.3651124889015425e-08        -1.4820057246789855e-09
13                                     0.0000000000000000e+00         0.0000000000000000e+00         0.0000000000000000e+00         0.0000000000000000e+00         0.0000000000000000e+00         0.0000000000000000e+00        -3.3642345451653423e-06        -3.8631412759543362e-06
14                                     0.0000000000000000e+00         0.0000000000000000e+00         0.0000000000000000e+00         0.0000000000000000e+00         0.0000000000000000e+00         0.0000000000000000e+00         1.4274752325571216e-02        -5.5964281034586331e-02
15                                     0.0000000000000000e+00         0.0000000000000000e+00         0.0000000000000000e+00         0.0000000000000000e+00         0.0000000000000000e+00         0.0000000000000000e+00         7.3324485385182781e-08         2.9716966415309514e-10
16                                     0.0000000000000000e+00         0.0000000000000000e+00         0.0000000000000000e+00         0.0000000000000000e+00         0.0000000000000000e+00         0.0000000000000000e+00        -5.6095616631524083e-06        -6.4155611005561855e-06
17                                     0.0000000000000000e+00         0.0000000000000000e+00         0.0000000000000000e+00         0.0000000000000000e+00         0.0000000000000000e+00         0.0000000000000000e+00         2.0188957767439231e-02         8.6692549992896786e-02
                                                         8                           9                          10                          11                          12                          13                          14                          15

0                                      2.4729886840322518e-01        -1.1685990947438870e-04         9.9197679974971635e-08        -1.2139890571989968e-02         9.0173313330322865e-06        -5.1214627594152852e-04        -9.2233002062571581e-02         3.7860892748156380e-07
1                                     -1.1685818457461828e-04        -2.4730028301689916e-01        -7.7667961173912302e-07        -8.9585509505195304e-06        -1.2134234022067172e-02         9.2229778515711902e-02        -5.1211592282018957e-04        -2.2206224014998179e-05
2                                     -8.5467407065561558e-07        -6.2740357176682747e-05        -1.8481892931761865e-02        -2.2752140243912429e-07         3.0152345510204050e-06        -1.7084723679725613e-05         3.9987845351841254e-07        -4.5836378347121993e-03
3                                      2.5533209523051648e-01        -1.2066424323241572e-04         1.2338612077953588e-06         5.2963067701604687e-02        -3.8100255796421138e-05         4.2594057094309462e-03         7.6630349802387832e-01         1.6190234892894011e-07
4                                     -1.1841604749964601e-04        -2.5053323494981866e-01         1.8279852384395529e-02         1.5512555047509049e-05         2.0799543764776673e-02         5.4720942266844035e-02        -3.0822881054626245e-04        -5.7452600455992964e-01
5                                     -3.1634506932690003e-06        -4.8421533217790549e-03         5.7033115509067789e-01         6.1159551987862782e-04         8.0996982453497712e-01         5.9597391669574611e-02        -3.3373271766545234e-04         1.7823009962439958e-02
6                                      2.5173180623655522e-01        -2.1926597040915286e-03         1.5831641151073179e-02         2.8846849892549070e-02         1.3894285454273516e-02        -3.5469345616982861e-01         1.5250269561085597e-01        -4.9778780856029126e-01
7                                      1.9606071397440233e-03        -2.5412499802351574e-01        -9.1343281425191655e-03         1.3964396769631342e-02         4.4893313263091782e-02        -5.5906764494557504e-01         3.5863713300764499e-01         2.8740228273930157e-01
8                                      4.2000363690860880e-03         2.4182600994689246e-03         5.7025454792444363e-01         7.0118495086335730e-01        -4.0555627944938455e-01        -3.0083439084039952e-02        -5.1473317081804484e-02         1.7833372644796581e-02
9                                      2.5173370136231643e-01         1.9547755818304108e-03        -1.5828502652331052e-02         2.8820756363956909e-02        -1.3938257454444913e-02         3.5636077098771374e-01         1.4854737085693684e-01         4.9778314455747102e-01
10                                    -2.2007512196716927e-03        -2.5412311664915571e-01        -9.1339408757526684e-03        -1.3897812593775875e-02         4.4911942969949672e-02        -5.6302341334913741e-01        -3.5240221680122102e-01         2.8739940306938166e-01
11                                    -4.1994819833972626e-03         2.4219497592328741e-03         5.7027238664213264e-01        -7.0177537307866644e-01        -4.0450901446976695e-01        -2.9511860610636303e-02         5.1803498484847138e-02         1.7829787040388692e-02
12                                    -1.4372906399126591e-02         6.7921830701058340e-06        -4.6793640200703563e-08         2.1604581030929119e-03        -1.6125283118352299e-06         2.4179045787645391e-07         4.3021479368199717e-05         4.9793445614918681e-09
13                                     6.7917399108406284e-06         1.4372929661969160e-02         1.0826988481469985e-07         1.6095792013321888e-06         2.1602975105902557e-03        -4.2883133652093240e-05         2.3395014254620953e-07        -4.0289544035302115e-08
14                                     4.8770437149510377e-08        -1.1684736464823587e-05        -6.0494201588290747e-03        -8.3541109451647965e-08         3.0256757614590564e-07         3.0052007637311421e-07        -1.0763803003058352e-09         2.7969501878871123e-05
15                                    -2.3920561576896076e-02         1.1302792159172971e-05         4.2466930840997379e-09        -3.0020729283115693e-03         2.2409450581448568e-06         1.8344357909199525e-06         3.3114854861224626e-04        -8.0254490326573155e-09
16                                     1.1303385089947306e-05         2.3920532235689122e-02        -2.0133645330537735e-07        -2.2454061318215970e-06        -3.0023417728742819e-03        -3.3067488279942822e-04         1.8427431897306043e-06        -7.5782214785642453e-08
17                                     8.3935660986826116e-08         2.8014098851278139e-05        -9.1975909914356786e-03        -1.0023234858540463e-07         2.7060490165949302e-07         2.0645795710625193e-06        -1.3599778540345815e-08        -3.0154127165290745e-05
                                                        16                          17

0                                     -9.3103819854289754e-02         1.5138092896572397e-03
1                                      1.5137977515053021e-03         9.3103953103864850e-02
2                                      2.7699146942106805e-07        -1.2261039796430358e-06
3                                     -3.6358893103823786e-02         5.8691176242847763e-04
4                                     -1.2491614831696408e-02        -7.6838593964148538e-01
5                                      4.6231469287889946e-04         2.8430744619890473e-02
6                                      5.7275692357905006e-01         3.3907239258037442e-01
7                                     -3.5108552150353955e-01        -1.5906492636844766e-01
8                                     -2.4846766942180843e-02        -1.3809042810589952e-02
9                                      5.6144259206385494e-01        -3.5750948428219120e-01
10                                     3.4572712602523559e-01        -1.7038742526349968e-01
11                                     2.4381188040976304e-02        -1.4606838345626356e-02
12                                     4.4493449774108056e-05        -7.2735633545189506e-07
13                                    -7.2033224389423225e-07        -4.4499468969820919e-05
14                                     4.6882075369574752e-11         5.5037915015339756e-09
15                                     7.5099048487442584e-05        -1.2150247834926393e-06
16                                    -1.2265862215224357e-06        -7.5138930095508015e-05
17                                    -5.3281454751562305e-10        -1.1940771284353515e-08
$End
$THERMOCHEMISTRY_Energies
   &GeometryIndex 6
   &temperature [&Type "Double"]       2.9814999999999998e+02
   &pressure [&Type "Double"]       1.0000000000000000e+00
   &totalMass [&Type "Double"]       2.2183500000000001e+02
   &spinDegeneracy [&Type "Integer"] 1
   &elEnergy [&Type "Double"]      -1.1819808577120000e+01
   &transEnergy [&Type "Double"]       1.4162714244859817e-03
   &rotEnergy [&Type "Double"]       1.4162714244859817e-03
   &vibEnergy [&Type "Double"]       2.0186909471304241e-03
   &numOfFreqs [&Type "Integer"] 18
   &freqScalingFactor [&Type "Double"]       1.0000000000000000e+00
   &FREQ [&Type "ArrayOfDoubles", &Units "cm^-1", &Dim (18,1)] 
                                                         0

0                                      0.0000000000000000e+00
1                                      0.0000000000000000e+00
2                                      0.0000000000000000e+00
3                                      0.0000000000000000e+00
4                                      0.0000000000000000e+00
5                                      0.0000000000000000e+00
6                                     -2.7963263547527447e+02
7                                      1.2722755068774599e+02
8                                      1.7683378265935033e+02
9                                      1.7684832361065938e+02
10                                     9.7185843424172253e+02
11                                     9.8263254369238064e+02
12                                     9.8270999368889056e+02
13                                     1.3390892364529909e+03
14                                     1.3391147508879176e+03
15                                     3.1413564470599072e+03
16                                     3.2282943846658341e+03
17                                     3.2283125985481170e+03
   &zpe [&Type "Double"]       3.5754196213802991e-02
   &innerEnergyU [&Type "Double"]      -1.1779203147110096e+01
   &enthalpyH [&Type "Double"]      -1.1778258938067836e+01
   &qEl [&Type "Double"]       0.0000000000000000e+00
   &qRot [&Type "Double"]       1.1811375731576833e-02
   &qVib [&Type "Double"]       3.7755968684819218e-03
   &qTrans [&Type "Double"]       1.9999675746369457e-02
   &entropyS [&Type "Double"]       3.5586648346428211e-02
   &freeEnergyG [&Type "Double"]      -1.1813845586414264e+01
   &isLinear [&Type "Boolean"] false
$End
$Geometry
   &GeometryIndex 7
   &NAtoms [&Type "Integer"] 6
   &NCorelessECP [&Type "Integer"] 0
   &NGhostAtoms [&Type "Integer"] 0
   &CartesianCoordinates [&Type "Coordinates", &Dim(6,4), &Units "Bohr"] 
              C     -0.000000254289    0.000010894470   -0.009734903834
              H      0.000000014020    2.016086007112   -0.051897935578
              H      1.745976861346   -1.008015974615   -0.051898385733
              H     -1.745976961254   -1.008016048477   -0.051898548015
              I      0.000000180217   -0.000030540451    4.920770172567
              Br     0.000000159960   -0.000034338038   -4.662743818845
$End
$Single_Point_Data
   &GeometryIndex 7
   &FinalEnergy [&Type "Double"]      -1.1819784891390000e+01  "Final single point energy"
   &Converged [&Type "Boolean"] true
$End
$Geometry
   &GeometryIndex 8
   &NAtoms [&Type "Integer"] 6
   &NCorelessECP [&Type "Integer"] 0
   &NGhostAtoms [&Type "Integer"] 0
   &CartesianCoordinates [&Type "Coordinates", &Dim(6,4), &Units "Bohr"] 
              C     -0.000000050787    0.000004351056   -0.043799493918
              H      0.000000033469    2.015813114557   -0.048969173087
              H      1.745743146487   -1.007896282337   -0.048966524057
              H     -1.745743117333   -1.007896304148   -0.048966571735
              I     -0.000000009633   -0.000012047166    4.912377871815
              Br    -0.000000002202   -0.000012831962   -4.629079528456
$End
$Single_Point_Data
   &GeometryIndex 8
   &FinalEnergy [&Type "Double"]      -1.1819769886670001e+01  "Final single point energy"
   &Converged [&Type "Boolean"] true
$End
$Geometry
   &GeometryIndex 9
   &NAtoms [&Type "Integer"] 6
   &NCorelessECP [&Type "Integer"] 0
   &NGhostAtoms [&Type "Integer"] 0
   &CartesianCoordinates [&Type "Coordinates", &Dim(6,4), &Units "Bohr"] 
              C     -0.000000030725   -0.000000038368   -0.057899759453
              H     -0.000000027813    2.015636775293   -0.047042739512
              H      1.745592657595   -1.007818420016   -0.047041648535
              H     -1.745592711593   -1.007818419072   -0.047041667440
              I      0.000000044882    0.000000259044    4.908219279580
              Br     0.000000067654   -0.000000156882   -4.616596884078
$End
$Single_Point_Data
   &GeometryIndex 9
   &FinalEnergy [&Type "Double"]      -1.1819768722930000e+01  "Final single point energy"
   &Converged [&Type "Boolean"] true
$End
$Geometry
   &GeometryIndex 10
   &NAtoms [&Type "Integer"] 6
   &NCorelessECP [&Type "Integer"] 0
   &NGhostAtoms [&Type "Integer"] 0
   &CartesianCoordinates [&Type "Coordinates", &Dim(6,4), &Units "Bohr"] 
              C     -0.000000006153    0.000000034975   -0.057580826677
              H     -0.000000008190    2.015674445989   -0.046993558900
              H      1.745625234800   -1.007837168434   -0.046993339704
              H     -1.745625248253   -1.007837166739   -0.046993355440
              I      0.000000003670    0.000000324326    4.908083974648
              Br     0.000000024125   -0.000000470118   -4.616926313364
$End
$Single_Point_Data
   &GeometryIndex 10
   &FinalEnergy [&Type "Double"]      -1.1819768721419999e+01  "Final single point energy"
   &Converged [&Type "Boolean"] true
$End
$Hessian
   &GeometryIndex 10
   &HESSIAN [&Type "ArrayOfDoubles", &Dim (18,18)] "The Hessian"
                                                         0                           1                           2                           3                           4                           5                           6                           7

0                                      5.9163278559999999e-01        -1.9000000000000001e-09        -2.1743000000000001e-06        -4.1193573099999999e-02        -1.5619000000000000e-06         1.2010000000000000e-07        -2.6446213439999999e-01         1.2890571789999999e-01
1                                     -1.9000000000000001e-09         5.9163161259999997e-01        -5.3340000000000001e-06        -1.5644000000000000e-06        -3.3889337100000000e-01        -1.7400740000000001e-03         1.2890684440000000e-01        -1.1561394030000000e-01
2                                     -2.1743000000000001e-06        -5.3340000000000001e-06        -3.4936397799999998e-02         1.1520000000000000e-07        -1.1244350000000000e-03        -3.8744363999999999e-03        -9.9240070000000007e-04         5.6864090000000001e-04
3                                     -4.1193573099999999e-02        -1.5644000000000000e-06         1.1520000000000000e-07         4.1057950199999999e-02         1.7043999999999999e-06         5.4000000000000004e-09        -2.0853049999999999e-04         2.3825214500000001e-02
4                                     -1.5619000000000000e-06        -3.3889337100000000e-01        -1.1244350000000000e-03         1.7043999999999999e-06         3.6426196309999997e-01         2.6438782000000002e-03        -6.4510400000000005e-05        -1.3926818400000001e-02
5                                      1.2010000000000000e-07        -1.7400740000000001e-03        -3.8744363999999999e-03         5.4000000000000004e-09         2.6438782000000002e-03         3.8365723599999998e-02        -3.6296800000000001e-05         1.2114889999999999e-04
6                                     -2.6446213439999999e-01         1.2890684440000000e-01        -9.9240070000000007e-04        -2.0853049999999999e-04        -6.4510400000000005e-05        -3.6296800000000001e-05         2.8346159589999997e-01        -1.3995212109999999e-01
7                                      1.2890571789999999e-01        -1.1561394030000000e-01         5.6864090000000001e-04         2.3825214500000001e-02        -1.3926818400000001e-02         1.2114889999999999e-04        -1.3995212109999999e-01         1.2185920879999999e-01
8                                     -1.5077904999999999e-03         8.6985160000000003e-04        -3.8743389000000000e-03         8.6539300000000000e-05        -9.0897999999999996e-05        -7.3403689999999996e-04         2.2895793000000000e-03        -1.3222999000000000e-03
9                                     -2.6446481840000002e-01        -1.2890527769999999e-01         9.9422440000000007e-04        -2.0878509999999999e-04         6.4364700000000004e-05         3.6295599999999999e-05        -2.0789148399999999e-02        -1.1944364600000000e-02
10                                    -1.2890415559999999e-01        -1.1561123960000000e-01         5.6954019999999996e-04        -2.3825360300000001e-02        -1.3926574100000000e-02         1.2131430000000001e-04         1.1944648600000000e-02         6.6496063000000003e-03
11                                     1.5096184000000000e-03         8.7070530000000004e-04        -3.8743393000000002e-03        -8.6545000000000006e-05        -9.0904599999999997e-05        -7.3403430000000005e-04        -1.2327070000000000e-04        -2.9137900000000001e-05
12                                    -1.0216490100000000e-02         5.1000000000000002e-09         1.1190000000000000e-07         2.5123849999999999e-04         1.3999999999999999e-09        -1.7800000000000001e-08         1.1070875000000000e-03        -4.9410519999999996e-04
13                                     3.0000000000000000e-10        -1.0216455100000001e-02        -4.0624999999999996e-06         3.3099999999999999e-08         1.3943465000000000e-03         7.7223648000000001e-03        -4.9424029999999995e-04         5.3527710000000005e-04
14                                     1.0860000000000001e-07         5.2549999999999999e-07         2.2990108299999999e-02        -5.7600000000000000e-08        -1.3747519999999999e-03        -1.6159520300000001e-02        -1.1883282000000001e-03         6.8664629999999995e-04
15                                    -1.1295769600000000e-02        -5.5999999999999997e-09         1.2360000000000000e-07         3.0169989999999998e-04         1.8000000000000000e-09        -1.0640000000000000e-07         8.9112990000000003e-04        -3.4034149999999998e-04
16                                     1.2000000000000000e-09        -1.1296606600000000e-02        -4.3495999999999998e-06        -2.7300000000000000e-08         1.0904539000000000e-03        -8.8686322000000005e-03        -3.4062110000000002e-04         4.9666650000000005e-04
17                                     1.1780000000000000e-07         4.3255999999999997e-06         2.3569404200000001e-02        -5.7299999999999997e-08         3.7111499999999999e-05        -1.6863695700000000e-02         5.0717100000000003e-05        -2.4998400000000001e-05
                                                         8                           9                          10                          11                          12                          13                          14                          15

0                                     -1.5077904999999999e-03        -2.6446481840000002e-01        -1.2890415559999999e-01         1.5096184000000000e-03        -1.0216490100000000e-02         3.0000000000000000e-10         1.0860000000000001e-07        -1.1295769600000000e-02
1                                      8.6985160000000003e-04        -1.2890527769999999e-01        -1.1561123960000000e-01         8.7070530000000004e-04         5.1000000000000002e-09        -1.0216455100000001e-02         5.2549999999999999e-07        -5.5999999999999997e-09
2                                     -3.8743389000000000e-03         9.9422440000000007e-04         5.6954019999999996e-04        -3.8743393000000002e-03         1.1190000000000000e-07        -4.0624999999999996e-06         2.2990108299999999e-02         1.2360000000000000e-07
3                                      8.6539300000000000e-05        -2.0878509999999999e-04        -2.3825360300000001e-02        -8.6545000000000006e-05         2.5123849999999999e-04         3.3099999999999999e-08        -5.7600000000000000e-08         3.0169989999999998e-04
4                                     -9.0897999999999996e-05         6.4364700000000004e-05        -1.3926574100000000e-02        -9.0904599999999997e-05         1.3999999999999999e-09         1.3943465000000000e-03        -1.3747519999999999e-03         1.8000000000000000e-09
5                                     -7.3403689999999996e-04         3.6295599999999999e-05         1.2131430000000001e-04        -7.3403430000000005e-04        -1.7800000000000001e-08         7.7223648000000001e-03        -1.6159520300000001e-02        -1.0640000000000000e-07
6                                      2.2895793000000000e-03        -2.0789148399999999e-02         1.1944648600000000e-02        -1.2327070000000000e-04         1.1070875000000000e-03        -4.9424029999999995e-04        -1.1883282000000001e-03         8.9112990000000003e-04
7                                     -1.3222999000000000e-03        -1.1944364600000000e-02         6.6496063000000003e-03        -2.9137900000000001e-05        -4.9410519999999996e-04         5.3527710000000005e-04         6.8664629999999995e-04        -3.4034149999999998e-04
8                                      3.8362634399999998e-02         1.2340330000000000e-04        -2.9226100000000001e-05        -7.3097579999999998e-04         6.6870768000000004e-03        -3.8614868999999998e-03        -1.6159511599999999e-02        -7.6788081999999997e-03
9                                      1.2340330000000000e-04         2.8346449850000000e-01         1.3995042420000001e-01        -2.2912996999999999e-03         1.1070595000000000e-03         4.9420710000000001e-04         1.1882170999999999e-03         8.9119380000000003e-04
10                                    -2.9226100000000001e-05         1.3995042420000001e-01         1.2185628190000000e-01        -1.3232495000000000e-03         4.9410389999999995e-04         5.3526660000000005e-04         6.8662379999999998e-04         3.4033929999999999e-04
11                                    -7.3097579999999998e-04        -2.2912996999999999e-03        -1.3232495000000000e-03         3.8362666400000002e-02        -6.6872358999999996e-03        -3.8614052000000001e-03        -1.6159478900000000e-02         7.6787328999999996e-03
12                                     6.6870768000000004e-03         1.1070595000000000e-03         4.9410389999999995e-04        -6.6872358999999996e-03         6.1585651000000000e-03        -2.8999999999999999e-09         1.3920000000000000e-07         1.5925393999999999e-03
13                                    -3.8614868999999998e-03         4.9420710000000001e-04         5.3526660000000005e-04        -3.8614052000000001e-03        -2.8999999999999999e-09         6.1590652999999997e-03         5.1470000000000002e-07         2.6000000000000001e-09
14                                    -1.6159511599999999e-02         1.1882170999999999e-03         6.8662379999999998e-04        -1.6159478900000000e-02         1.3920000000000000e-07         5.1470000000000002e-07         4.5980641900000001e-02        -7.9000000000000006e-08
15                                    -7.6788081999999997e-03         8.9119380000000003e-04         3.4033929999999999e-04         7.6787328999999996e-03         1.5925393999999999e-03         2.6000000000000001e-09        -7.9000000000000006e-08         7.6192064999999996e-03
16                                     4.4340593000000003e-03         3.4064620000000002e-04         4.9665889999999996e-04         4.4339918999999998e-03        -2.2999999999999999e-09         1.5924997000000001e-03         4.4169999999999999e-07         3.3999999999999998e-09
17                                    -1.6863771199999999e-02        -5.0840600000000002e-05        -2.5002600000000000e-05        -1.6863838100000000e-02        -7.4099999999999995e-08         4.0751000000000002e-06        -2.0492239499999999e-02         1.3710000000000000e-07
                                                        16                          17

0                                      1.2000000000000000e-09         1.1780000000000000e-07
1                                     -1.1296606600000000e-02         4.3255999999999997e-06
2                                     -4.3495999999999998e-06         2.3569404200000001e-02
3                                     -2.7300000000000000e-08        -5.7299999999999997e-08
4                                      1.0904539000000000e-03         3.7111499999999999e-05
5                                     -8.8686322000000005e-03        -1.6863695700000000e-02
6                                     -3.4062110000000002e-04         5.0717100000000003e-05
7                                      4.9666650000000005e-04        -2.4998400000000001e-05
8                                      4.4340593000000003e-03        -1.6863771199999999e-02
9                                      3.4064620000000002e-04        -5.0840600000000002e-05
10                                     4.9665889999999996e-04        -2.5002600000000000e-05
11                                     4.4339918999999998e-03        -1.6863838100000000e-02
12                                    -2.2999999999999999e-09        -7.4099999999999995e-08
13                                     1.5924997000000001e-03         4.0751000000000002e-06
14                                     4.4169999999999999e-07        -2.0492239499999999e-02
15                                     3.3999999999999998e-09         1.3710000000000000e-07
16                                     7.6203275999999999e-03         4.4888000000000001e-06
17                                     4.4888000000000001e-06         4.7514140300000000e-02
   &MODES [&Type "ArrayOfDoubles", &Dim (18,18)] "The modes of vibrations"
                                                         0                           1                           2                           3                           4                           5                           6                           7

0                                      0.0000000000000000e+00         0.0000000000000000e+00         0.0000000000000000e+00         0.0000000000000000e+00         0.0000000000000000e+00         0.0000000000000000e+00        -9.6289430625094581e-07         1.0760101484659816e-08
1                                      0.0000000000000000e+00         0.0000000000000000e+00         0.0000000000000000e+00         0.0000000000000000e+00         0.0000000000000000e+00         0.0000000000000000e+00         3.9569548305386778e-05         7.1461129119016842e-05
2                                      0.0000000000000000e+00         0.0000000000000000e+00         0.0000000000000000e+00         0.0000000000000000e+00         0.0000000000000000e+00         0.0000000000000000e+00        -2.7994851770522111e-01         1.2907876840396904e-02
3                                      0.0000000000000000e+00         0.0000000000000000e+00         0.0000000000000000e+00         0.0000000000000000e+00         0.0000000000000000e+00         0.0000000000000000e+00        -7.2558253597959241e-08         3.0155514390712627e-08
4                                      0.0000000000000000e+00         0.0000000000000000e+00         0.0000000000000000e+00         0.0000000000000000e+00         0.0000000000000000e+00         0.0000000000000000e+00        -6.5626989681853807e-04        -2.1087928551518278e-04
5                                      0.0000000000000000e+00         0.0000000000000000e+00         0.0000000000000000e+00         0.0000000000000000e+00         0.0000000000000000e+00         0.0000000000000000e+00        -1.2764131836276317e-02         1.6656472022179989e-02
6                                      0.0000000000000000e+00         0.0000000000000000e+00         0.0000000000000000e+00         0.0000000000000000e+00         0.0000000000000000e+00         0.0000000000000000e+00        -6.2409414476292729e-04        -2.4915253200896178e-04
7                                      0.0000000000000000e+00         0.0000000000000000e+00         0.0000000000000000e+00         0.0000000000000000e+00         0.0000000000000000e+00         0.0000000000000000e+00         3.8099718100654932e-04         2.1334245275671313e-04
8                                      0.0000000000000000e+00         0.0000000000000000e+00         0.0000000000000000e+00         0.0000000000000000e+00         0.0000000000000000e+00         0.0000000000000000e+00        -1.2760386027401172e-02         1.6661335623607242e-02
9                                      0.0000000000000000e+00         0.0000000000000000e+00         0.0000000000000000e+00         0.0000000000000000e+00         0.0000000000000000e+00         0.0000000000000000e+00         6.2401184854450945e-04         2.4920511097335871e-04
10                                     0.0000000000000000e+00         0.0000000000000000e+00         0.0000000000000000e+00         0.0000000000000000e+00         0.0000000000000000e+00         0.0000000000000000e+00         3.8103344430123428e-04         2.1333797600206491e-04
11                                     0.0000000000000000e+00         0.0000000000000000e+00         0.0000000000000000e+00         0.0000000000000000e+00         0.0000000000000000e+00         0.0000000000000000e+00        -1.2760271501456368e-02         1.6661533663935590e-02
12                                     0.0000000000000000e+00         0.0000000000000000e+00         0.0000000000000000e+00         0.0000000000000000e+00         0.0000000000000000e+00         0.0000000000000000e+00         4.4103758244526869e-08        -9.7583623342792928e-10
13                                     0.0000000000000000e+00         0.0000000000000000e+00         0.0000000000000000e+00         0.0000000000000000e+00         0.0000000000000000e+00         0.0000000000000000e+00        -2.2024524884832015e-06        -4.0729699347370493e-06
14                                     0.0000000000000000e+00         0.0000000000000000e+00         0.0000000000000000e+00         0.0000000000000000e+00         0.0000000000000000e+00         0.0000000000000000e+00         1.3825400450688818e-02        -5.6087409204630741e-02
15                                     0.0000000000000000e+00         0.0000000000000000e+00         0.0000000000000000e+00         0.0000000000000000e+00         0.0000000000000000e+00         0.0000000000000000e+00         7.6653941163383090e-08        -1.1114182168180542e-09
16                                     0.0000000000000000e+00         0.0000000000000000e+00         0.0000000000000000e+00         0.0000000000000000e+00         0.0000000000000000e+00         0.0000000000000000e+00        -3.7845486636378679e-06        -6.9960862267826089e-06
17                                     0.0000000000000000e+00         0.0000000000000000e+00         0.0000000000000000e+00         0.0000000000000000e+00         0.0000000000000000e+00         0.0000000000000000e+00         2.0608377930476304e-02         8.6509093157664960e-02
                                                         8                           9                          10                          11                          12                          13                          14                          15

0                                      2.4714517362834504e-01         1.8643502512010909e-05        -5.1866243988769979e-08        -3.7799181746197941e-03        -7.0287445537365139e-07        -1.3054993997051829e-07        -9.2969472927231442e-02         2.1505950963644494e-08
1                                      1.8643477131799230e-05        -2.4714625905316259e-01         2.8013655164887749e-08        -7.4357219476261690e-07         3.7830524768749942e-03        -9.2966338483119484e-02         1.3334878495715310e-07         7.0539537583764425e-06
2                                     -8.5122161326601530e-07        -3.9924262199368783e-05        -1.4531876105286046e-02         2.9207065627033982e-08        -4.1373724793814740e-07        -6.5286132268995938e-06         3.1036826436524034e-07         4.4333255256121169e-04
3                                      2.5571163292182181e-01         1.9349757171118143e-05         1.9861094006525276e-06         1.3073273820186691e-03         1.6254104620088129e-06        -3.2048864498881779e-06         7.6801393846481281e-01        -2.4519447473853798e-08
4                                      1.8861724738155890e-05        -2.5042554000426492e-01        -4.1952652880007232e-03         5.6177151042994128e-07        -3.0381447424080964e-03        -5.3336139111015132e-02        -4.2350707488632906e-06        -5.7508245840917505e-01
5                                     -1.7541172116197367e-06         1.0563428471571330e-02         5.7071413439467478e-01        -1.5786280545015372e-04         8.1259136729021209e-01         4.5075825566400392e-03        -2.6201051383976738e-06        -4.1537639592625327e-03
6                                      2.5174418316850050e-01        -2.2675844311412919e-03        -3.6254466314364488e-03         2.6090454750700466e-03         7.4441361524897544e-04         3.5565140666314982e-01         1.5200351922446234e-01        -4.9798160790276119e-01
7                                      2.3100376390705062e-03        -2.5438042218759538e-01         2.1056574555642126e-03        -7.5287561175103456e-04        -1.7523057726752784e-03         5.6268006602392273e-01         3.5565700501853093e-01         2.8750490040359655e-01
8                                     -9.1396278341679769e-03        -5.2741680488344435e-03         5.7072462115353628e-01        -7.0364139782670088e-01        -4.0642557673762802e-01        -2.2667593561140351e-03         3.8939008409294837e-03        -4.1549602301257172e-03
9                                      2.5174385691854462e-01         2.3055073829136318e-03         3.6294222196059330e-03         2.6142843667113342e-03        -7.4483451749036045e-04        -3.5564667966605285e-01         1.5199706964498891e-01         4.9798132036959192e-01
10                                    -2.2716308933652461e-03        -2.5438082667722850e-01         2.1056594002414738e-03         7.5336378807247084e-04        -1.7544290889922524e-03         5.6268649629562562e-01        -3.5565428115301390e-01         2.8750476270707098e-01
11                                     9.1387484501389768e-03        -5.2729243573210773e-03         5.7072382201250715e-01         7.0380017954840213e-01        -4.0615160639077147e-01        -2.2641469826576834e-03        -3.8950211439818124e-03        -4.1583944970355032e-03
12                                    -1.4117077591916913e-02        -1.0647392388012154e-06        -1.9234612431218725e-08        -1.9025081429668120e-03        -3.7157727411438011e-07        -3.6937545778437553e-09         1.3791464217786394e-04         5.2209164851698435e-09
13                                    -1.0651209965636440e-06         1.4117090166015376e-02        -7.9244436077782054e-08        -3.6912286294228981e-07         1.9024200065607978e-03         1.3775835580386991e-04        -3.7495686200714080e-09        -3.7362540235263408e-08
14                                     5.6282943049383530e-08        -1.4033946901071846e-05        -5.9517559177101036e-03         2.8092015477880056e-09        -5.2808120653708421e-08         1.1500812602516379e-07         5.0532204436206154e-10         5.4263840109167188e-05
15                                    -2.4308846113000441e-02        -1.8340749672432777e-06        -3.6865499079847404e-08         3.5074590495150974e-03         6.8061623132054999e-07         6.2889268187748459e-09         2.3234452670423112e-04        -7.5881506973512650e-09
16                                    -1.8334113588632839e-06         2.4308826765960290e-02        -8.0855236814187882e-08         6.8478585136619936e-07        -3.5076108071514719e-03         2.3192102096415736e-04         4.9745040721722543e-09        -8.2679240805159032e-08
17                                     7.1793323836870716e-08         2.8084748699418503e-05        -9.9629497912791104e-03        -2.0445072878578124e-08        -3.2877177859065789e-08         1.0930039382283157e-06        -2.7067752786250114e-10         4.4544059730800391e-06
                                                        16                          17

0                                      9.3220017804214475e-02         1.9796753732251064e-06
1                                     -1.9778248368005544e-06         9.3220102889255474e-02
2                                     -3.2576779867048692e-07        -3.4348011682105175e-06
3                                      3.6290667853523341e-02        -3.4542590506827484e-06
4                                      1.2227639782442312e-05        -7.6872336072560254e-01
5                                     -2.5086368675497958e-08        -6.2706717361131559e-03
6                                     -5.6749885115723864e-01         3.4861676450538709e-01
7                                      3.4860147723094964e-01        -1.6498107903840298e-01
8                                     -5.4316248117414955e-03         3.1329580200024610e-03
9                                     -5.6749153363778526e-01        -3.4863662674930168e-01
10                                    -3.4859038093017269e-01        -1.6498855666423240e-01
11                                     5.4354900292151384e-03         3.1355550053105571e-03
12                                    -5.2048439106221179e-05        -4.6159675096834504e-09
13                                    -2.5766708076806783e-09        -5.2067509694843150e-05
14                                     1.8157557625946248e-10         3.3898206406613769e-08
15                                    -6.9729314728515896e-05         3.8913686957829017e-09
16                                     7.1602197311570505e-09        -6.9796601037647665e-05
17                                     2.3658242072865342e-10         4.8973335325279658e-07
$End
$THERMOCHEMISTRY_Energies
   &GeometryIndex 10
   &temperature [&Type "Double"]       2.9814999999999998e+02
   &pressure [&Type "Double"]       1.0000000000000000e+00
   &totalMass [&Type "Double"]       2.2183500000000001e+02
   &spinDegeneracy [&Type "Integer"] 1
   &elEnergy [&Type "Double"]      -1.1819768721419999e+01
   &transEnergy [&Type "Double"]       1.4162714244859817e-03
   &rotEnergy [&Type "Double"]       1.4162714244859817e-03
   &vibEnergy [&Type "Double"]       1.9900175920443174e-03
   &numOfFreqs [&Type "Integer"] 18
   &freqScalingFactor [&Type "Double"]       1.0000000000000000e+00
   &FREQ [&Type "ArrayOfDoubles", &Units "cm^-1", &Dim (18,1)] 
                                                         0

0                                      0.0000000000000000e+00
1                                      0.0000000000000000e+00
2                                      0.0000000000000000e+00
3                                      0.0000000000000000e+00
4                                      0.0000000000000000e+00
5                                      0.0000000000000000e+00
6                                     -2.9044954644502047e+02
7                                      1.3434515425966606e+02
8                                      1.7822538884878583e+02
9                                      1.7823415785803329e+02
10                                     9.9071412204459489e+02
11                                     1.0128299005024447e+03
12                                     1.0129096907704914e+03
13                                     1.3354182434139118e+03
14                                     1.3354315568477932e+03
15                                     3.1483014696640862e+03
16                                     3.2360079038912745e+03
17                                     3.2360208623351250e+03
   &zpe [&Type "Double"]       3.5991491075023668e-02
   &innerEnergyU [&Type "Double"]      -1.1778954669903960e+01
   &enthalpyH [&Type "Double"]      -1.1778010460861701e+01
   &qEl [&Type "Double"]       0.0000000000000000e+00
   &qRot [&Type "Double"]       1.1791898873193492e-02
   &qVib [&Type "Double"]       3.7114583580514608e-03
   &qTrans [&Type "Double"]       1.9999675746369457e-02
   &entropyS [&Type "Double"]       3.5503032977614410e-02
   &freeEnergyG [&Type "Double"]      -1.1813513493839315e+01
   &isLinear [&Type "Boolean"] false
$End
$Calculation_Info
   &GeometryIndex 10
   &Mult [&Type "Integer"] 1
   &Charge [&Type "Integer"] -1
   &NumOfAtoms [&Type "Integer"] 6
   &NumOfElectrons [&Type "Integer"] 0
   &NumOfBasisFuncts [&Type "Integer"] 0
   &NumOfAuxCBasisFuncts [&Type "Integer"] 0
   &NumOfAuxJBasisFuncts [&Type "Integer"] 0
   &NumOfAuxJKBasisFuncts [&Type "Integer"] 0
   &NumOfCABSBasisFuncts [&Type "Integer"] 0
$End
$Calculation_Timings
   &GeometryIndex 10
   &GSTEP [&Type "Double"]       2.2578999999999905e-02
   &XTB [&Type "Double"]       1.8713210000000002e+00
   &XTBGRAD [&Type "Double"]       3.1840000000000757e-03
   &SUM [&Type "Double"]       1.8970840000000002e+00
$End
